Applications Graphics Acceleration Info:
Uptime: 984554718 Realtime: 1014232588

** Graphics info for pid 12303 [dev.intervaltablet.debug] **

Stats since: 984524508055975ns
Total frames rendered: 479
Janky frames: 479 (100.00%)
Janky frames (legacy): 351 (73.28%)
50th percentile: 32ms
90th percentile: 40ms
95th percentile: 40ms
99th percentile: 44ms
Number Missed Vsync: 0
Number High input latency: 0
Number Slow UI thread: 478
Number Slow bitmap uploads: 0
Number Slow issue draw commands: 18
Number Frame deadline missed: 479
Number Frame deadline missed (legacy): 351
HISTOGRAM: 5ms=0 6ms=0 7ms=0 8ms=0 9ms=0 10ms=0 11ms=0 12ms=2 13ms=10 14ms=52 15ms=83 16ms=64 17ms=25 18ms=3 19ms=0 20ms=0 21ms=0 22ms=0 23ms=0 24ms=0 25ms=0 26ms=0 27ms=0 28ms=0 29ms=0 30ms=0 31ms=0 32ms=1 34ms=12 36ms=47 38ms=96 40ms=63 42ms=14 44ms=5 46ms=1 48ms=1 53ms=0 57ms=0 61ms=0 65ms=0 69ms=0 73ms=0 77ms=0 81ms=0 85ms=0 89ms=0 93ms=0 97ms=0 101ms=0 105ms=0 109ms=0 113ms=0 117ms=0 121ms=0 125ms=0 129ms=0 133ms=0 150ms=0 200ms=0 250ms=0 300ms=0 350ms=0 400ms=0 450ms=0 500ms=0 550ms=0 600ms=0 650ms=0 700ms=0 750ms=0 800ms=0 850ms=0 900ms=0 950ms=0 1000ms=0 1050ms=0 1100ms=0 1150ms=0 1200ms=0 1250ms=0 1300ms=0 1350ms=0 1400ms=0 1450ms=0 1500ms=0 1550ms=0 1600ms=0 1650ms=0 1700ms=0 1750ms=0 1800ms=0 1850ms=0 1900ms=0 1950ms=0 2000ms=0 2050ms=0 2100ms=0 2150ms=0 2200ms=0 2250ms=0 2300ms=0 2350ms=0 2400ms=0 2450ms=0 2500ms=0 2550ms=0 2600ms=0 2650ms=0 2700ms=0 2750ms=0 2800ms=0 2850ms=0 2900ms=0 2950ms=0 3000ms=0 3050ms=0 3100ms=0 3150ms=0 3200ms=0 3250ms=0 3300ms=0 3350ms=0 3400ms=0 3450ms=0 3500ms=0 3550ms=0 3600ms=0 3650ms=0 3700ms=0 3750ms=0 3800ms=0 3850ms=0 3900ms=0 3950ms=0 4000ms=0 4050ms=0 4100ms=0 4150ms=0 4200ms=0 4250ms=0 4300ms=0 4350ms=0 4400ms=0 4450ms=0 4500ms=0 4550ms=0 4600ms=0 4650ms=0 4700ms=0 4750ms=0 4800ms=0 4850ms=0 4900ms=0 4950ms=0
50th gpu percentile: 6ms
90th gpu percentile: 6ms
95th gpu percentile: 7ms
99th gpu percentile: 7ms
GPU HISTOGRAM: 1ms=0 2ms=0 3ms=0 4ms=0 5ms=0 6ms=433 7ms=46 8ms=0 9ms=0 10ms=0 11ms=0 12ms=0 13ms=0 14ms=0 15ms=0 16ms=0 17ms=0 18ms=0 19ms=0 20ms=0 21ms=0 22ms=0 23ms=0 24ms=0 25ms=0 4950ms=0

Pipeline=Skia (Vulkan)
Memory policy:
  Max surface area: 5184000
  Max resource usage: 248.83MB (x48)
  Background retention: 50% (altUiHidden = true)
  GPU Context timeout: 10
Contexts: 1 (stopped = 0)
CPU Caches:
  Glyph Cache: 137.54 KB (1 entry)
  Glyph Count: 48 
Total CPU memory usage:
  140837 bytes, 137.54 KB (0.00 bytes is purgeable)
GPU Caches:
  Other:
    TextBlobCache: 56.25 KB (1 entry)
  Image:
    Texture: 64.00 bytes (1 entry)
  Scratch:
    Texture: 4.00 MB (1 entry)
    Buffer Object: 206.38 KB (8 entries)
    Attachment: 0.00 bytes (2 entries)
Total GPU memory usage:
  4463296 bytes, 4.26 MB (192.00 bytes is purgeable)

GraphicBufferAllocator buffers:
            Handle |         Size |     W (Stride) x H | Layers |   Format |      Usage | Requestor
0xb4000079de46e890 |      unknown | 1800 (   0) x 2880 |      1 |        1 | 0x     b00 | VRI[MainActivity]@d44003b#1(BLAST Consumer)1
0xb4000079de472a30 |      unknown | 1800 (   0) x 2880 |      1 |        1 | 0x     b00 | VRI[MainActivity]@d44003b#1(BLAST Consumer)1
0xb4000079de475910 |      unknown | 1800 (   0) x 2880 |      1 |        1 | 0x     b00 | VRI[MainActivity]@d44003b#1(BLAST Consumer)1
0xb4000079de47a410 |      unknown | 1800 (   0) x 2880 |      1 |        1 | 0x     b00 | VRI[MainActivity]@d44003b#1(BLAST Consumer)1
Total allocated by GraphicBufferAllocator (estimate): 0.00 KB
Imported gralloc buffers:
+ name:VRI[MainActivity]@d44003b#1(BLAST Consumer)1, id:13527291556653545, size:20616.50KiB, w/h:1800x2880, usage: 0xb00, req fmt:1, fourcc/mod:875708993/0, dataspace: 0x8810000, compressed: false
+ name:VRI[MainActivity]@d44003b#1(BLAST Consumer)1, id:13527291556653547, size:20616.50KiB, w/h:1800x2880, usage: 0xb00, req fmt:1, fourcc/mod:875708993/0, dataspace: 0x8810000, compressed: false
+ name:VRI[MainActivity]@d44003b#1(BLAST Consumer)1, id:13527291556653546, size:20616.50KiB, w/h:1800x2880, usage: 0xb00, req fmt:1, fourcc/mod:875708993/0, dataspace: 0x8810000, compressed: false
+ name:VRI[MainActivity]@d44003b#1(BLAST Consumer)1, id:13527291556653544, size:20616.50KiB, w/h:1800x2880, usage: 0xb00, req fmt:1, fourcc/mod:875708993/0, dataspace: 0x8810000, compressed: false
Total imported by gralloc: 82466.00KiB

Profile data in ms:

	dev.intervaltablet.debug/dev.intervaltablet.MainActivity/android.view.ViewRootImpl@8e2aa8a (visibility=0)
Window: dev.intervaltablet.debug/dev.intervaltablet.MainActivity
Stats since: 984524508055584ns
Total frames rendered: 479
Janky frames: 479 (100.00%)
Janky frames (legacy): 351 (73.28%)
50th percentile: 32ms
90th percentile: 40ms
95th percentile: 40ms
99th percentile: 44ms
Number Missed Vsync: 0
Number High input latency: 0
Number Slow UI thread: 478
Number Slow bitmap uploads: 0
Number Slow issue draw commands: 18
Number Frame deadline missed: 479
Number Frame deadline missed (legacy): 351
HISTOGRAM: 5ms=0 6ms=0 7ms=0 8ms=0 9ms=0 10ms=0 11ms=0 12ms=2 13ms=10 14ms=52 15ms=83 16ms=64 17ms=25 18ms=3 19ms=0 20ms=0 21ms=0 22ms=0 23ms=0 24ms=0 25ms=0 26ms=0 27ms=0 28ms=0 29ms=0 30ms=0 31ms=0 32ms=1 34ms=12 36ms=47 38ms=96 40ms=63 42ms=14 44ms=5 46ms=1 48ms=1 53ms=0 57ms=0 61ms=0 65ms=0 69ms=0 73ms=0 77ms=0 81ms=0 85ms=0 89ms=0 93ms=0 97ms=0 101ms=0 105ms=0 109ms=0 113ms=0 117ms=0 121ms=0 125ms=0 129ms=0 133ms=0 150ms=0 200ms=0 250ms=0 300ms=0 350ms=0 400ms=0 450ms=0 500ms=0 550ms=0 600ms=0 650ms=0 700ms=0 750ms=0 800ms=0 850ms=0 900ms=0 950ms=0 1000ms=0 1050ms=0 1100ms=0 1150ms=0 1200ms=0 1250ms=0 1300ms=0 1350ms=0 1400ms=0 1450ms=0 1500ms=0 1550ms=0 1600ms=0 1650ms=0 1700ms=0 1750ms=0 1800ms=0 1850ms=0 1900ms=0 1950ms=0 2000ms=0 2050ms=0 2100ms=0 2150ms=0 2200ms=0 2250ms=0 2300ms=0 2350ms=0 2400ms=0 2450ms=0 2500ms=0 2550ms=0 2600ms=0 2650ms=0 2700ms=0 2750ms=0 2800ms=0 2850ms=0 2900ms=0 2950ms=0 3000ms=0 3050ms=0 3100ms=0 3150ms=0 3200ms=0 3250ms=0 3300ms=0 3350ms=0 3400ms=0 3450ms=0 3500ms=0 3550ms=0 3600ms=0 3650ms=0 3700ms=0 3750ms=0 3800ms=0 3850ms=0 3900ms=0 3950ms=0 4000ms=0 4050ms=0 4100ms=0 4150ms=0 4200ms=0 4250ms=0 4300ms=0 4350ms=0 4400ms=0 4450ms=0 4500ms=0 4550ms=0 4600ms=0 4650ms=0 4700ms=0 4750ms=0 4800ms=0 4850ms=0 4900ms=0 4950ms=0
50th gpu percentile: 6ms
90th gpu percentile: 6ms
95th gpu percentile: 7ms
99th gpu percentile: 7ms
GPU HISTOGRAM: 1ms=0 2ms=0 3ms=0 4ms=0 5ms=0 6ms=433 7ms=46 8ms=0 9ms=0 10ms=0 11ms=0 12ms=0 13ms=0 14ms=0 15ms=0 16ms=0 17ms=0 18ms=0 19ms=0 20ms=0 21ms=0 22ms=0 23ms=0 24ms=0 25ms=0 4950ms=0



---PROFILEDATA---
Flags,FrameTimelineVsyncId,IntendedVsync,Vsync,InputEventId,HandleInputStart,AnimationStart,PerformTraversalsStart,DrawStart,FrameDeadline,FrameStartTime,FrameInterval,WorkloadTarget,SyncQueued,SyncStart,IssueDrawCommandsStart,SwapBuffers,FrameCompleted,DequeueBufferDuration,QueueBufferDuration,GpuCompleted,SwapBuffersCompleted,DisplayPresentTime,CommandSubmissionCompleted,
0,13957285,984547199484353,984547199484353,0,984547200833592,984547200835506,984547204992928,984547205073240,984547210595464,984547200826443,11111111,11111111,984547207955506,984547208277459,984547208453084,984547210350506,984547216376326,18554,1225117,984547216376326,984547211693084,984547232524451,984547210350506,
0,13957300,984547232986471,984547232986471,0,984547233821365,984547233823357,984547251713435,984547251792498,984547244097582,984547233814803,11111111,11111111,984547263178943,984547263274764,984547263363631,984547264770037,984547270621365,8750,284063,984547270621365,984547265126170,984547276852420,984547264770037,
0,13957315,984547321835212,984547321835212,0,984547322739334,984547322741248,984547326280115,984547326342928,984547332946323,984547322732771,11111111,11111111,984547329152264,984547329267889,984547329417185,984547331425506,984547336870467,16836,1211641,984547336870467,984547332789998,984547343713748,984547331425506,
0,13957330,984547355265238,984547355265238,0,984547355890857,984547355892615,984547371906404,984547371977810,984547366376349,984547355884803,11111111,11111111,984547383965896,984547384042342,984547384138396,984547385128709,984547390936248,8672,252969,984547390936248,984547385431873,984547398968631,984547385128709,
0,13957345,984547454787204,984547454787204,0,984547456720037,984547456721717,984547460329334,984547460412264,984547465898315,984547456713123,11111111,11111111,984547463485506,984547463830506,984547463992107,984547465689959,984547471316912,73242,481524,984547471316912,984547466306014,984547487941639,984547465689959,
0,13957360,984547488080004,984547488080004,0,984547489587615,984547489589646,984547506324646,984547506385193,984547499191115,984547489581326,11111111,11111111,984547518162498,984547518355271,984547518489607,984547519793904,984547525810623,10664,620781,984547525810623,984547520483318,984547532202537,984547519793904,
0,13957375,984547577047079,984547577047079,0,984547578077810,984547578079373,984547581529685,984547581642264,984547588158190,984547578071756,11111111,11111111,984547585039334,984547585154998,984547585255076,984547586462185,984547592365975,13047,326836,984547592365975,984547586860076,984547598741873,984547586462185,
0,13957390,984547610380412,984547610380412,0,984547611527850,984547611529451,984547627051521,984547627109998,984547621491523,984547611521795,11111111,11111111,984547640161131,984547640250310,984547640379607,984547641753396,984547647464021,11602,639765,984547647464021,984547642477967,984547654254021,984547641753396,
0,13957405,984547710079739,984547710079739,0,984547711856014,984547711857459,984547714622420,984547714691600,984547721190850,984547711850115,11111111,11111111,984547717283396,984547717569920,984547717719920,984547719688045,984547725321834,15039,647773,984547725321834,984547720474764,984547732283826,984547719688045,
0,13957420,984547732386081,984547732386081,0,984547733424139,984547733425779,984547748538592,984547748623826,984547743497192,984547733416521,11111111,11111111,984547762040193,984547762120584,984547762210545,984547763512459,984547769198865,8945,249766,984547769198865,984547763827537,984547776310975,984547763512459,
0,13957435,984547832075204,984547832075204,0,984547832962107,984547832964685,984547836539529,984547836641365,984547843186315,984547832951912,11111111,11111111,984547840228357,984547840364920,984547840554881,984547842478943,984547847815935,15391,1129297,984547847815935,984547843757107,984547865090584,984547842478943,
0,13957450,984547865408537,984547865408537,0,984547866171170,984547866172967,984547882507889,984547882571365,984547876519648,984547866165584,11111111,11111111,984547899391717,984547899556678,984547899716482,984547901272185,984547907139998,13359,357891,984547907139998,984547901702498,984547920769920,984547901272185,
0,13957465,984547954506046,984547954506046,0,984547955955935,984547955958670,984547960632498,984547960708396,984547965617157,984547955947537,11111111,11111111,984547963115779,984547963219217,984547963326131,984547965265701,984547971129764,14688,605157,984547971129764,984547965984021,984547987273943,984547965265701,
0,13957480,984547987839379,984547987839379,0,984547988505428,984547988507498,984548006624100,984548006710857,984547998950490,984547988499295,11111111,11111111,984548019290740,984548019500545,984548019631756,984548020933435,984548026769217,10274,462812,984548026769217,984548021474373,984548042702771,984548020933435,
0,13957495,984548087312804,984548087312804,0,984548088301560,984548088303123,984548092702185,984548092802732,984548098423915,984548088295232,11111111,11111111,984548096405584,984548096780467,984548096925975,984548099119334,984548104478318,15234,1095743,984548104478318,984548100344217,984548120431951,984548099119334,
0,13957510,984548120646137,984548120646137,0,984548122261326,984548122263123,984548139436131,984548139500662,984548131757248,984548122254178,11111111,11111111,984548153389295,984548153623592,984548153738279,984548155304412,984548160991795,10664,582500,984548160991795,984548155974178,984548175954725,984548155304412,
0,13957525,984548209658806,984548209658806,0,984548210893553,984548210895545,984548215395271,984548215499842,984548220769917,984548210884373,11111111,11111111,984548219179217,984548219550232,984548219665037,984548222039607,984548228047732,14805,847500,984548228047732,984548223005975,984548242524568,984548222039607,
0,13957540,984548242829496,984548242829496,0,984548243828709,984548243830506,984548260171248,984548260230467,984548253940607,984548243822771,11111111,11111111,984548272913162,984548273152459,984548273274100,984548274549100,984548280229568,11211,446914,984548280229568,984548275056600,984548286909490,984548274549100,
0,13957555,984548342702768,984548342702768,0,984548343543318,984548343544568,984548346231756,984548346305350,984548353813879,984548343538240,11111111,11111111,984548350078240,984548350501521,984548350615350,984548352154139,984548357780740,14258,581211,984548357780740,984548352884881,984548364602693,984548352154139,
0,13957570,984548364876393,984548364876393,0,984548365892967,984548365895076,984548381007459,984548381080193,984548375987504,984548365886209,11111111,11111111,984548392222146,984548392348553,984548392439568,984548393413514,984548399111443,8633,214844,984548399111443,984548393678162,984548409113475,984548393413514,
0,13957585,984548464843611,984548464843611,0,984548465858123,984548465860857,984548470474920,984548470576873,984548475954722,984548465848943,11111111,11111111,984548474070623,984548474188904,984548474306053,984548476765271,984548482189998,23242,1082930,984548482189998,984548477980506,984548497809451,984548476765271,
0,13957600,984548498080121,984548498080121,0,984548499175779,984548499177537,984548515580701,984548515640076,984548509191232,984548499169451,11111111,11111111,984548527099139,984548527318123,984548527460975,984548528968396,984548534861990,10898,492500,984548534861990,984548529529646,984548542199998,984548528968396,
0,13957615,984548586824913,984548586824913,0,984548588526560,984548588528514,984548592117264,984548592223826,984548597936024,984548588519803,11111111,11111111,984548594895428,984548595235623,984548595375662,984548597502303,984548603098748,17461,742539,984548603098748,984548598366365,984548620205623,984548597502303,
0,13957630,984548620158246,984548620158246,0,984548620886873,984548620888670,984548640415779,984548640493865,984548631269357,984548620878865,11111111,11111111,984548654398514,984548654658514,984548654903240,984548656242928,984548662080584,10000,336250,984548662080584,984548656647928,984548675378318,984548656242928,
0,13957645,984548720031671,984548720031671,0,984548721587420,984548721589881,984548725600545,984548725697185,984548731142782,984548721579529,11111111,11111111,984548729315428,984548733084725,984548733267537,984548734706209,984548740357185,16719,338711,984548740357185,984548735153865,984548753093787,984548734706209,
0,13957660,984548753365004,984548753365004,0,984548754378162,984548754380115,984548771019842,984548771098201,984548764476115,984548754372185,11111111,11111111,984548783157732,984548783237068,984548783327303,984548784674256,984548790530779,8476,481250,984548790530779,984548785220232,984548797515935,984548784674256,
0,13957675,984548842427843,984548842427843,0,984548843353279,984548843355935,984548847449256,984548847546248,984548853538954,984548843345740,11111111,11111111,984548850821209,984548850923396,984548851049139,984548853003787,984548858915584,24961,916485,984548858915584,984548854041482,984548864044529,984548853003787,
0,13957690,984548875761176,984548875761176,0,984548876392850,984548876394568,984548894371951,984548894468435,984548886872287,984548876387068,11111111,11111111,984548907708670,984548907793631,984548907896951,984548909501248,984548915461482,10625,591406,984548915461482,984548910167342,984548930668943,984548909501248,
0,13957705,984548975378315,984548975378315,0,984548976989451,984548976991600,984548981205896,984548981308865,984548986489426,984548976981326,11111111,11111111,984548984902576,984548985173084,984548985313787,984548987301756,984548992715779,14024,601445,984548992715779,984548988162107,984549008452615,984548987301756,
0,13957720,984548997600537,984548997600537,0,984548998942810,984548998945193,984549016781873,984549016851521,984549008711648,984548998935467,11111111,11111111,984549030011326,984549030089021,984549030196600,984549031721834,984549037759842,11641,256485,984549037759842,984549032078631,984549052806287,984549031721834,
0,13957735,984549097377860,984549097377860,0,984549098943553,984549098946717,984549103752771,984549103862615,984549108488971,984549098935740,11111111,11111111,984549107241873,984549107382810,984549107525545,984549109649021,984549115317303,21289,447773,984549115317303,984549110228045,984549130523123,984549109649021,
0,13957750,984549130711193,984549130711193,0,984549131807420,984549131809256,984549149560232,984549149650896,984549141822304,984549131800506,11111111,11111111,984549163179959,984549163269529,984549163383045,984549165070076,984549170832615,12148,318750,984549170832615,984549165459100,984549185978475,984549165070076,
0,13957765,984549219557829,984549219557829,0,984549220223435,984549220225154,984549223298592,984549223375232,984549230668940,984549220217771,11111111,11111111,984549226192810,984549228101326,984549228293162,984549230253865,984549235812889,19063,842539,984549235812889,984549231241014,984549252530193,984549230253865,
0,13957780,984549252897057,984549252897057,0,984549253528904,984549253530467,984549271844178,984549271916600,984549264008168,984549253523475,11111111,11111111,984549285319842,984549285402850,984549285512537,984549287187185,984549293039060,12148,571523,984549293039060,984549287834100,984549308115662,984549287187185,
0,13957795,984549352806284,984549352806284,0,984549354093045,984549354094725,984549357214920,984549357293240,984549363917395,984549354087029,11111111,11111111,984549360296443,984549360607068,984549360763357,984549362642029,984549368064217,14882,519492,984549368064217,984549363305779,984549374672459,984549362642029,
0,13957810,984549374967565,984549374967565,0,984549376191326,984549376193514,984549390042850,984549390108240,984549386078676,984549376183787,11111111,11111111,984549402917459,984549402982381,984549403071873,984549404416326,984549410142967,9844,279023,984549410142967,984549404760115,984549419013357,984549404416326,
0,13957825,984549474867361,984549474867361,0,984549476812576,984549476814607,984549480771912,984549480836756,984549485978472,984549476804685,11111111,11111111,984549483270779,984549483358514,984549483464959,984549485558240,984549491167146,13906,431836,984549491167146,984549486114412,984549507871717,984549485558240,
0,13957840,984549508085746,984549508085746,0,984549509057693,984549509058943,984549524975193,984549525049334,984549519196857,984549509053357,11111111,11111111,984549538072928,984549538152967,984549538245232,984549539559217,984549545259256,8945,557109,984549545259256,984549540189881,984549552420193,984549539559217,
0,13957855,984549608115659,984549608115659,0,984549610041834,984549610044334,984549614581482,984549614687537,984549619226770,984549610033006,11111111,11111111,984549617961990,984549618282420,984549618439412,984549620551248,984549625957107,18125,439570,984549625957107,984549621113279,984549641277225,984549620551248,
0,13957870,984549630337881,984549630337881,0,984549631843514,984549631844881,984549650966756,984549651038396,984549641448992,984549631837615,11111111,11111111,984549665500037,984549665599412,984549665708982,984549666815545,984549672632967,10391,275430,984549672632967,984549667148982,984549685405818,984549666815545,
0,13957885,984549730093937,984549730093937,0,984549731122498,984549731124060,984549734718201,984549734783006,984549741205048,984549731115935,11111111,11111111,984549737275857,984549737607732,984549737765740,984549739931404,984549745828592,18633,617852,984549745828592,984549740676131,984549752311209,984549739931404,
0,13957900,984549763427270,984549763427270,0,984549764751717,984549764754412,984549781555779,984549781616912,984549774538381,984549764744021,11111111,11111111,984549793738514,984549793803201,984549793895467,984549795286482,984549801105428,9336,553164,984549801105428,984549795906209,984549807743318,984549795286482,
0,13957915,984549852420190,984549852420190,0,984549853111639,984549853113709,984549856867107,984549856939764,984549863531301,984549853103357,11111111,11111111,984549859463123,984549859563982,984549859679178,984549861818592,984549867871131,20000,960235,984549867871131,984549862904373,984549874354764,984549861818592,
0,13957930,984549885721667,984549885721667,0,984549886534959,984549886537264,984549903016209,984549903111287,984549896832778,984549886528904,11111111,11111111,984549916665310,984549916735467,984549916830310,984549918261639,984549924114295,9180,279687,984549924114295,984549918612615,984549929591404,984549918261639,
0,13957945,984549985405815,984549985405815,0,984549986911873,984549986914295,984549991330818,984549991432693,984549996516926,984549986903943,11111111,11111111,984549994613045,984549994962967,984549995126248,984549997352576,984550003045857,19101,438829,984550003045857,984549997936287,984550018396209,984549997352576,
0,13957960,984550007628037,984550007628037,0,984550008793865,984550008795740,984550026903904,984550026965896,984550018739148,984550008786678,11111111,11111111,984550039430740,984550039495154,984550039584998,984550040877771,984550046695857,8867,230820,984550046695857,984550041165232,984550062764139,984550040877771,
0,13957975,984550107688095,984550107688095,0,984550108795623,984550108797693,984550112411717,984550112496873,984550118799206,984550108789021,11111111,11111111,984550114943279,984550115220545,984550115362654,984550117479920,984550123185271,16602,516367,984550123185271,984550118126170,984550129632615,984550117479920,
0,13957990,984550141021428,984550141021428,0,984550142074920,984550142076326,984550156437185,984550156529373,984550152132539,984550142068162,11111111,11111111,984550169118787,984550169203045,984550169298396,984550170637810,984550176311092,9375,474023,984550176311092,984550171186053,984550184917771,984550170637810,
0,13958005,984550229507318,984550229507318,0,984550230365623,984550230368748,984550234536678,984550234623006,984550240618429,984550230356717,11111111,11111111,984550237847732,984550238212420,984550238378084,984550241168943,984550247013201,20000,1018594,984550247013201,984550242328475,984550262601756,984550241168943,
0,13958020,984550262840651,984550262840651,0,984550263617732,984550263619529,984550281328553,984550281398435,984550273951762,984550263611951,11111111,11111111,984550293901560,984550293968592,984550294056053,984550295410857,984550301130076,8554,245079,984550301130076,984550295721560,984550307015623,984550295410857,
0,13958035,984550362764136,984550362764136,0,984550364120975,984550364123006,984550368331014,984550368432225,984550373875247,984550364110037,11111111,11111111,984550371071717,984550371366521,984550371509217,984550373628123,984550379330545,18047,494336,984550379330545,984550374251014,984550395794490,984550373628123,
0,13958050,984550384986358,984550384986358,0,984550386091248,984550386092850,984550402211053,984550402270623,984550396097469,984550386085818,11111111,11111111,984550414446990,984550414512068,984550414602185,984550415937615,984550421842850,9805,323320,984550421842850,984550416325310,984550429059959,984550415937615,
0,13958065,984550484823976,984550484823976,0,984550485736287,984550485738123,984550489661990,984550489767967,984550495935087,984550485729295,11111111,11111111,984550493669373,984550493826834,984550493993396,984550497110154,984550502427810,21485,688593,984550502427810,984550497951521,984550518251482,984550497110154,
0,13958080,984550518157309,984550518157309,0,984550519129256,984550519131795,984550534098670,984550534163787,984550529268420,984550519123240,11111111,11111111,984550545901600,984550545970740,984550546059412,984550547399451,984550553414764,8945,295156,984550553414764,984550547764998,984550562563435,984550547399451,
0,13958095,984550606905599,984550606905599,0,984550607754021,984550607756717,984550611733240,984550611807850,984550618016710,984550607745232,11111111,11111111,984550614697967,984550614836326,984550614974646,984550617091834,984550622493201,21407,1085664,984550622493201,984550618558514,984550628852107,984550617091834,
0,13958110,984550640238932,984550640238932,0,984550641404139,984550641406795,984550659805896,984550659866404,984550651350043,984550641395584,11111111,11111111,984550671357185,984550671428162,984550671518865,984550672848435,984550678754568,9023,299882,984550678754568,984550673207146,984550684417498,984550672848435,
0,13958125,984550740171067,984550740171067,0,984550741730935,984550741733631,984550745355935,984550745424881,984550751282178,984550741724490,11111111,11111111,984550747949060,984550748238826,984550748383006,984550750502771,984550756148084,17656,420313,984550756148084,984550751048435,984550762355310,984550750502771,
0,13958140,984550773807035,984550773807035,0,984550774895740,984550774897576,984550789688396,984550789749021,984550784918146,984550774889295,11111111,11111111,984550800978084,984550801052810,984550801141092,984550802547107,984550808264451,9024,310782,984550808264451,984550802931092,984550817847185,984550802547107,
0,13958155,984550862563432,984550862563432,0,984550863418357,984550863420584,984550866940506,984550867019607,984550873674543,984550863411287,11111111,11111111,984550869902693,984550870023318,984550870161326,984550872280076,984550878326365,22422,915976,984550878326365,984550873321795,984550884362576,984550872280076,
0,13958170,984550895518771,984550895518771,0,984550896393006,984550896394764,984550913898787,984550913965389,984550906629882,984550896385935,11111111,11111111,984550926251443,984550926322732,984550926413826,984550927747771,984550933718514,8672,342227,984550933718514,984550928162537,984550939635350,984550927747771,
0,13958185,984550984417495,984550984417495,0,984550986689568,984550986691795,984550990852850,984550990915467,984550995528606,984550986681990,11111111,11111111,984550993465975,984550993569412,984550993688631,984550995162498,984551000637420,15625,753946,984551000637420,984550996123357,984551017345389,984550995162498,
0,13958200,984551017910863,984551017910863,0,984551018616131,984551018617185,984551031434803,984551031496092,984551029021974,984551018610779,11111111,11111111,984551043801287,984551043866560,984551043957342,984551045359920,984551051064295,9218,296016,984551051064295,984551045724139,984551061789100,984551045359920,
0,13958215,984551117847182,984551117847182,0,984551118977185,984551118978709,984551122866678,984551122978904,984551128958293,984551118971560,11111111,11111111,984551127484764,984551127660350,984551127890740,984551129971326,984551135451365,22539,817265,984551135451365,984551130921951,984551150574568,984551129971326,
0,13958230,984551151029240,984551151029240,0,984551151957654,984551151958982,984551170019217,984551170081600,984551162140351,984551151952615,11111111,11111111,984551181984685,984551182057107,984551182148670,984551183505115,984551189216092,9649,290977,984551189216092,984551183866560,984551195018982,984551183505115,
0,13958245,984551239567609,984551239567609,0,984551240522107,984551240524100,984551244202576,984551244279842,984551250678720,984551240514100,11111111,11111111,984551247197381,984551248164959,984551248349295,984551250201639,984551255743904,19961,887461,984551255743904,984551251219842,984551272874959,984551250201639,
0,13958260,984551272900942,984551272900942,0,984551273582576,984551273584607,984551290321131,984551290379842,984551284012053,984551273576248,11111111,11111111,984551304272928,984551304359568,984551304482264,984551305794842,984551311516209,16953,313359,984551311516209,984551306177342,984551316997068,984551305794842,
0,13958275,984551372796788,984551372796788,0,984551373780584,984551373782459,984551377098045,984551377165623,984551383907899,984551373774256,11111111,11111111,984551379675271,984551379956443,984551380154412,984551382221990,984551387865389,18360,433125,984551387865389,984551382784842,984551394696639,984551382221990,
0,13958290,984551395019010,984551395019010,0,984551395687615,984551395688787,984551410036834,984551410094256,984551406130121,984551395683123,11111111,11111111,984551424245154,984551424325115,984551424429725,984551425766951,984551431516795,12305,301524,984551431516795,984551426141365,984551439110545,984551425766951,
0,13958305,984551495018979,984551495018979,0,984551495970037,984551495973123,984551499971092,984551500103748,984551506130090,984551495960740,11111111,11111111,984551503252381,984551503598826,984551503758709,984551505721209,984551511284568,19219,1039532,984551511284568,984551506878084,984551527956990,984551505721209,
0,13958320,984551528430512,984551528430512,0,984551529101287,984551529103279,984551544774060,984551544840623,984551539541623,984551529095818,11111111,11111111,984551557624725,984551557690975,984551557782459,984551559136326,984551564893162,9375,294492,984551564893162,984551559497303,984551572317146,984551559136326,
0,13958335,984551616918859,984551616918859,0,984551617507068,984551617508631,984551620913826,984551620976873,984551628029970,984551617500350,11111111,11111111,984551623410818,984551623683162,984551623817928,984551625823279,984551631481443,15977,521328,984551631481443,984551626459685,984551638922225,984551625823279,
0,13958350,984551650252192,984551650252192,0,984551650809998,984551650811990,984551666727420,984551666809178,984551661363303,984551650803865,11111111,11111111,984551680358943,984551680467967,984551680580896,984551681968709,984551687864021,11992,662188,984551687864021,984551682716912,984551694618553,984551681968709,
0,13958365,984551750221653,984551750221653,0,984551751629412,984551751631639,984551755826287,984551755922303,984551761332764,984551751623045,11111111,11111111,984551759692771,984551759825975,984551760156521,984551763333162,984551768714803,24727,814688,984551768714803,984551764447381,984551783274490,984551763333162,
0,13958380,984551783512543,984551783512543,0,984551784857459,984551784860389,984551803826092,984551803886482,984551794623654,984551784850271,11111111,11111111,984551815898748,984551815969256,984551816087303,984551817687264,984551823561873,9493,519258,984551823561873,984551818272459,984551838711092,984551817687264,
0,13958395,984551872255556,984551872255556,0,984551873287576,984551873290193,984551877649725,984551877749295,984551883366667,984551873279568,11111111,11111111,984551881416521,984551881526365,984551881635271,984551883813006,984551889704764,23477,927969,984551889704764,984551884864998,984551905392771,984551883813006,
0,13958410,984551905588889,984551905588889,0,984551906695662,984551906697732,984551923144646,984551923206014,984551916700000,984551906689060,11111111,11111111,984551937073162,984551937144998,984551937246521,984551938422185,984551944299803,9688,232696,984551944299803,984551938721209,984551949968943,984551938422185,
0,13958425,984551994385599,984551994385599,0,984551995023709,984551995025623,984551998654256,984551998722654,984552005496710,984551995016326,11111111,11111111,984552001263279,984552002029725,984552002160232,984552003943865,984552009363123,14609,1212852,984552009363123,984552005269959,984552016465584,984552003943865,
0,13958440,984552027718932,984552027718932,0,984552028350154,984552028352146,984552046437654,984552046472498,984552038830043,984552028342771,11111111,11111111,984552059114060,984552059186639,984552059290935,984552060727029,984552066577967,11172,286328,984552066577967,984552061290818,984552082885545,984552060727029,
0,13958455,984552127599978,984552127599978,0,984552128987185,984552128989100,984552132552732,984552132633943,984552138711089,984552128980545,11111111,11111111,984552135442576,984552135814607,984552135973826,984552138193787,984552143529529,17969,582031,984552143529529,984552138918553,984552160573201,984552138193787,
0,13958470,984552160948324,984552160948324,0,984552162321600,984552162323357,984552178210896,984552178290623,984552172059435,984552162315584,11111111,11111111,984552191372850,984552191454568,984552191558748,984552193037928,984552198812498,10352,306172,984552198812498,984552193413162,984552204952576,984552193037928,
0,13958485,984552249798915,984552249798915,0,984552250494178,984552250496092,984552253911678,984552253987498,984552260910026,984552250487537,11111111,11111111,984552256904646,984552256998631,984552257133748,984552259053318,984552264878162,14922,1096367,984552264878162,984552260277498,984552271599568,984552259053318,
0,13958500,984552283132248,984552283132248,0,984552283701365,984552283703123,984552300760584,984552300822654,984552294243359,984552283694685,11111111,11111111,984552313384178,984552313472068,984552313576834,984552315030389,984552320848982,10235,312852,984552320848982,984552315413162,984552327047303,984552315030389,
0,13958515,984552382885542,984552382885542,0,984552383966248,984552383968240,984552387763943,984552387842381,984552393996653,984552383959764,11111111,11111111,984552390873435,984552391224920,984552391386092,984552393727498,984552399374451,19492,683243,984552399374451,984552394547928,984552416180623,984552393727498,
0,13958530,984552405107764,984552405107764,0,984552406559139,984552406560975,984552423922732,984552423991951,984552416218875,984552406552303,11111111,11111111,984552437220740,984552437296912,984552437401092,984552439023592,984552444741951,10782,599063,984552444741951,984552439700701,984552460229725,984552439023592,
0,13958545,984552504932899,984552504932899,0,984552506180584,984552506182342,984552510255350,984552510355193,984552516044010,984552506173748,11111111,11111111,984552513670154,984552513756873,984552513871131,984552515292303,984552520990076,13281,1232148,984552520990076,984552516676795,984552526848123,984552515292303,
0,13958560,984552538266232,984552538266232,0,984552539499060,984552539501443,984552555535232,984552555596795,984552549377343,984552539491639,11111111,11111111,984552568383826,984552568468006,984552568575584,984552569979295,984552575885193,9688,314883,984552575885193,984552570370857,984552582328045,984552569979295,
0,13958575,984552627047300,984552627047300,0,984552627614295,984552627616560,984552630234646,984552630302225,984552638158411,984552627608396,11111111,11111111,984552632896170,984552633007967,984552633156521,984552635224881,984552641186990,16250,1219570,984552641186990,984552636575779,984552649063396,984552635224881,
0,13958590,984552660625065,984552660625065,0,984552661312850,984552661314685,984552679251365,984552679321834,984552671736176,984552661307420,11111111,11111111,984552692129451,984552692205428,984552692311365,984552693677576,984552699619920,11836,533750,984552699619920,984552694290740,984552715486326,984552693677576,
0,13958605,984552760229722,984552760229722,0,984552761420545,984552761422459,984552765203084,984552765289139,984552771340833,984552761413435,11111111,11111111,984552768500310,984552768836209,984552768978514,984552770893396,984552776368357,15078,558789,984552776368357,984552771758201,984552793528592,984552770893396,
0,13958620,984552782451944,984552782451944,0,984552784236834,984552784238904,984552797967732,984552798023279,984552793563055,984552784230896,11111111,11111111,984552809611951,984552809677225,984552809769920,984552811129881,984552816844607,9766,472227,984552816844607,984552811670310,984552826552771,984552811129881,
0,13958635,984552882396727,984552882396727,0,984552883284295,984552883286756,984552887023435,984552887127264,984552893507838,984552883275975,11111111,11111111,984552890319646,984552890398982,984552890509998,984552893248787,984552898798318,14024,931875,984552898798318,984552894307537,984552915559178,984552893248787,
0,13958650,984552915730060,984552915730060,0,984552916543084,984552916544881,984552933909139,984552933970428,984552926841171,984552916536834,11111111,11111111,984552946950896,984552947059842,984552947181795,984552948856756,984552954723084,23086,547187,984552954723084,984552949527537,984552970798435,984552948856756,
0,13958665,984553015750812,984553015750812,0,984553016743396,984553016745662,984553019442381,984553019518279,984553026861923,984553016737615,11111111,11111111,984553022376326,984553022709256,984553022862303,984553024967537,984553030302850,18750,577812,984553030302850,984553025665857,984553037731795,984553024967537,
0,13958680,984553037973034,984553037973034,0,984553039721834,984553039723826,984553055778162,984553055856404,984553049084145,984553039715193,11111111,11111111,984553069413396,984553069499060,984553069590193,984553070942654,984553076646717,9648,246329,984553076646717,984553071254881,984553081790584,984553070942654,
0,13958695,984553137781398,984553137781398,0,984553138667928,984553138670271,984553142692576,984553142795506,984553148892509,984553138660389,11111111,11111111,984553145967029,984553146063826,984553146169529,984553148287146,984553153602537,18086,561758,984553153602537,984553148988709,984553170631560,984553148287146,
0,13958710,984553171114731,984553171114731,0,984553172264646,984553172266600,984553187888943,984553187946443,984553182225842,984553172258670,11111111,11111111,984553201465271,984553201528475,984553201626443,984553202902732,984553208650896,11367,249531,984553208650896,984553203218201,984553214987967,984553202902732,
0,13958725,984553259687321,984553259687321,0,984553260428162,984553260429803,984553263804725,984553263882459,984553270798432,984553260421560,11111111,11111111,984553267374490,984553267515271,984553267702693,984553270174607,984553276239256,22071,1212148,984553276239256,984553271536560,984553292732498,984553270174607,
0,13958740,984553293287348,984553293287348,0,984553294074764,984553294076443,984553310714178,984553310815115,984553304398459,984553294067928,11111111,11111111,984553324115037,984553324182225,984553324272850,984553325588045,984553331506521,9023,241406,984553331506521,984553325894178,984553337219295,984553325588045,
0,13958755,984553381742669,984553381742669,0,984553383198904,984553383200037,984553386126053,984553386197264,984553392853780,984553383193123,11111111,11111111,984553388747068,984553391970232,984553392201365,984553394509021,984553400109373,17187,1052930,984553400109373,984553395676639,984553414838982,984553394509021,
0,13958770,984553415076002,984553415076002,0,984553416002654,984553416085506,984553432746014,984553432813318,984553426187113,984553415996014,11111111,11111111,984553445012810,984553445080115,984553445169998,984553446530779,984553452238045,10156,312305,984553452238045,984553446910037,984553459235584,984553446530779,
0,13958785,984553514987964,984553514987964,0,984553516179959,984553516182381,984553519652225,984553519740662,984553526099075,984553516173709,11111111,11111111,984553522473748,984553522579959,984553522691326,984553524805896,984553530157068,20040,1030391,984553530157068,984553525953201,984553537213748,984553524805896,
0,13958800,984553548288051,984553548288051,0,984553548983787,984553548985389,984553565445389,984553565520115,984553559399162,984553548977107,11111111,11111111,984553578888240,984553578986717,984553579085857,984553580206795,984553586147576,9375,563203,984553586147576,984553580865310,984553592364490,984553580206795,
0,13958815,984553637219292,984553637219292,0,984553637989685,984553637991443,984553641550857,984553641616131,984553648330403,984553637981131,11111111,11111111,984553644223670,984553644502459,984553644641482,984553646476404,984553652535271,14415,395781,984553652535271,984553647000154,984553658997615,984553646476404,
0,13958830,984553670394535,984553670394535,0,984553671342615,984553671344256,984553688851326,984553688918045,984553681505646,984553671336248,11111111,11111111,984553701120154,984553701190545,984553701300975,984553702793279,984553708698396,11953,315390,984553708698396,984553703185232,984553714529451,984553702793279,
0,13958845,984553770346692,984553770346692,0,984553771601365,984553771603357,984553775747537,984553775875506,984553781457803,984553771593904,11111111,11111111,984553779434881,984553779696873,984553779901170,984553781530154,984553787194998,21133,558399,984553787194998,984553782226795,984553803578475,984553781530154,
0,13958860,984553792568914,984553792568914,0,984553793346521,984553793348045,984553808464295,984553808535310,984553803680025,984553793339881,11111111,11111111,984553822653396,984553822720623,984553822817303,984553824259529,984553830384959,11796,532852,984553830384959,984553824868045,984553836559412,984553824259529,
0,13958875,984553892330946,984553892330946,0,984553893525193,984553893526951,984553897355389,984553897422225,984553903442057,984553893516834,11111111,11111111,984553899776756,984553899857029,984553899965935,984553901961482,984553907613709,14766,1016367,984553907613709,984553903103514,984553914600076,984553901961482,
0,13958890,984553925664279,984553925664279,0,984553926272381,984553926273865,984553940573396,984553940634178,984553936775390,984553926266717,11111111,11111111,984553956203826,984553956310701,984553956462146,984553958153201,984553964243279,16563,372656,984553964243279,984553958610818,984553970163318,984553958153201,
0,13958905,984554014689584,984554014689584,0,984554015617068,984554015619529,984554019413123,984554019491170,984554025800695,984554015608631,11111111,11111111,984554022455701,984554022796600,984554022950271,984554025227654,984554030717693,18828,983906,984554030717693,984554026361365,984554047704998,984554025227654,
0,13958920,984554048022917,984554048022917,0,984554048900975,984554048902459,984554063932615,984554064088318,984554059134028,984554048896170,11111111,11111111,984554077363435,984554077446092,984554077536365,984554078898865,984554084626170,9766,277813,984554084626170,984554079243006,984554091860896,984554078898865,
0,13958935,984554147933407,984554147933407,0,984554149476170,984554149478709,984554153278826,984554153361678,984554159044518,984554149468631,11111111,11111111,984554155857459,984554155956795,984554156142459,984554158179412,984554163669217,18204,549531,984554163669217,984554158846951,984554180715467,984554158179412,
0,13958950,984554181266740,984554181266740,0,984554182291678,984554182293475,984554198293475,984554198363084,984554192377851,984554182285896,11111111,11111111,984554210585506,984554210663475,984554210756873,984554212182107,984554217837693,9102,555078,984554217837693,984554212816717,984554225067732,984554212182107,
0,13958965,984554269927218,984554269927218,0,984554270934490,984554270936600,984554274908982,984554275014373,984554281038329,984554270928435,11111111,11111111,984554278882654,984554279040154,984554279227967,984554281783943,984554287266717,23086,935664,984554287266717,984554282855545,984554302732498,984554281783943,
0,13958980,984554303260551,984554303260551,0,984554303874646,984554303876326,984554319060623,984554319132342,984554314371662,984554303869646,11111111,11111111,984554332404607,984554332487225,984554332575193,984554333951600,984554339680193,9570,288711,984554339680193,984554334308748,984554347231131,984554333951600,
0,13958995,984554391826576,984554391826576,0,984554392656131,984554392658123,984554395753123,984554395815232,984554402937687,984554392648279,11111111,11111111,984554398204646,984554398502967,984554398635154,984554400638435,984554406542264,16250,400586,984554406542264,984554401148826,984546855172342,984554400638435,
0,13959010,984554425159909,984554425159909,0,984554425738826,984554425740506,984554442153553,984554442209881,984554436271020,984554425732576,11111111,11111111,984554455331092,984554455409959,984554455512576,984554456985506,984554462917498,10743,285625,984554462917498,984554457336639,984546910595467,984554456985506,
0,13959025,984554525067729,984554525067729,0,984554526176756,984554526178748,984554529596443,984554529660154,984554536178840,984554526169725,11111111,11111111,984554532199959,984554532461639,984554532608240,984554534514998,984554540185115,14531,427891,984554540185115,984554535086600,984546988542029,984554534514998,
0,13959040,984554558288051,984554558288051,0,984554559240350,984554559242303,984554575778318,984554575853240,984554569399162,984554559234334,11111111,11111111,984554588925975,984554588993318,984554589086170,984554590493318,984554596515857,8906,604414,984554596515857,984554591168592,984547032946326,984554590493318,
0,13959055,984554647231128,984554647231128,0,984554648282068,984554648284021,984554651357107,984554651429256,984554658342239,984554648274178,11111111,11111111,984554654135076,984554654235271,984554654356873,984554656468279,984554662623357,25508,1055664,984554662623357,984554657662146,984547099709685,984554656468279,
0,13959070,984554680383303,984554680383303,0,984554680836248,984554680837381,984554695306131,984554695385935,984554691494414,984554680832029,11111111,11111111,984554709260467,984554709343982,984554709452342,984554710710975,984554716378045,13204,273438,984554716378045,984554711047029,984547165898318,984554710710975,
---PROFILEDATA---


View hierarchy:

  dev.intervaltablet.debug/dev.intervaltablet.MainActivity/android.view.ViewRootImpl@8e2aa8a
  19 views, 32,23 kB of render nodes


Total ViewRootImpl   : 1
Total attached Views : 19
Total RenderNode     : 32,23 kB (used) / 72,48 kB (capacity)

  ProcessConfig={1.0 ?mcc0mnc [fr_FR] ldltr sw900dp w1440dp h900dp 320dpi xlrg compactNeeded hdr widecg land finger -keyb/v/h -nav/h winConfig={ mBounds=Rect(0, 0 - 2880, 1800) mAppBounds=Rect(0, 0 - 2880, 1800) mMaxBounds=Rect(0, 0 - 2880, 1800) mDisplayRotation=ROTATION_90 mWindowingMode=fullscreen mActivityType=undefined mAlwaysOnTop=undefined mRotation=ROTATION_90 mStageConfig=undefined mEmbedActivityMode=undefined mPopOver=off mOverlappingWithCutout=false} s.2631 fontWeightAdjustment=0 ff=0 bf=-1 bts=0 cst=1.0 nightDim=-1 themeSeq=0}
  Application ResourcesConfig={1.0 ?mcc0mnc [fr_FR] ldltr sw900dp w1440dp h900dp 320dpi xlrg compactNeeded hdr widecg land finger -keyb/v/h -nav/h winConfig={ mBounds=Rect(0, 0 - 2880, 1800) mAppBounds=Rect(0, 0 - 2880, 1800) mMaxBounds=Rect(0, 0 - 2880, 1800) mDisplayRotation=ROTATION_90 mWindowingMode=fullscreen mActivityType=undefined mAlwaysOnTop=undefined mRotation=ROTATION_90 mStageConfig=undefined mEmbedActivityMode=undefined mPopOver=off mOverlappingWithCutout=false} s.2631 fontWeightAdjustment=0 ff=0 bf=-1 bts=0 cst=1.0 nightDim=-1 themeSeq=0}
