Applications Graphics Acceleration Info:
Uptime: 984612581 Realtime: 1014290451

** Graphics info for pid 12303 [dev.intervaltablet.debug] **

Stats since: 984582363309490ns
Total frames rendered: 479
Janky frames: 479 (100.00%)
Janky frames (legacy): 436 (91.02%)
50th percentile: 20ms
90th percentile: 38ms
95th percentile: 38ms
99th percentile: 40ms
Number Missed Vsync: 0
Number High input latency: 0
Number Slow UI thread: 477
Number Slow bitmap uploads: 0
Number Slow issue draw commands: 82
Number Frame deadline missed: 479
Number Frame deadline missed (legacy): 436
HISTOGRAM: 5ms=0 6ms=0 7ms=0 8ms=0 9ms=0 10ms=0 11ms=0 12ms=2 13ms=4 14ms=18 15ms=26 16ms=35 17ms=55 18ms=50 19ms=37 20ms=13 21ms=0 22ms=0 23ms=0 24ms=0 25ms=0 26ms=0 27ms=0 28ms=0 29ms=0 30ms=0 31ms=2 32ms=9 34ms=73 36ms=87 38ms=49 40ms=16 42ms=3 44ms=0 46ms=0 48ms=0 53ms=0 57ms=0 61ms=0 65ms=0 69ms=0 73ms=0 77ms=0 81ms=0 85ms=0 89ms=0 93ms=0 97ms=0 101ms=0 105ms=0 109ms=0 113ms=0 117ms=0 121ms=0 125ms=0 129ms=0 133ms=0 150ms=0 200ms=0 250ms=0 300ms=0 350ms=0 400ms=0 450ms=0 500ms=0 550ms=0 600ms=0 650ms=0 700ms=0 750ms=0 800ms=0 850ms=0 900ms=0 950ms=0 1000ms=0 1050ms=0 1100ms=0 1150ms=0 1200ms=0 1250ms=0 1300ms=0 1350ms=0 1400ms=0 1450ms=0 1500ms=0 1550ms=0 1600ms=0 1650ms=0 1700ms=0 1750ms=0 1800ms=0 1850ms=0 1900ms=0 1950ms=0 2000ms=0 2050ms=0 2100ms=0 2150ms=0 2200ms=0 2250ms=0 2300ms=0 2350ms=0 2400ms=0 2450ms=0 2500ms=0 2550ms=0 2600ms=0 2650ms=0 2700ms=0 2750ms=0 2800ms=0 2850ms=0 2900ms=0 2950ms=0 3000ms=0 3050ms=0 3100ms=0 3150ms=0 3200ms=0 3250ms=0 3300ms=0 3350ms=0 3400ms=0 3450ms=0 3500ms=0 3550ms=0 3600ms=0 3650ms=0 3700ms=0 3750ms=0 3800ms=0 3850ms=0 3900ms=0 3950ms=0 4000ms=0 4050ms=0 4100ms=0 4150ms=0 4200ms=0 4250ms=0 4300ms=0 4350ms=0 4400ms=0 4450ms=0 4500ms=0 4550ms=0 4600ms=0 4650ms=0 4700ms=0 4750ms=0 4800ms=0 4850ms=0 4900ms=0 4950ms=0
50th gpu percentile: 6ms
90th gpu percentile: 7ms
95th gpu percentile: 7ms
99th gpu percentile: 7ms
GPU HISTOGRAM: 1ms=0 2ms=0 3ms=0 4ms=0 5ms=2 6ms=408 7ms=69 8ms=0 9ms=0 10ms=0 11ms=0 12ms=0 13ms=0 14ms=0 15ms=0 16ms=0 17ms=0 18ms=0 19ms=0 20ms=0 21ms=0 22ms=0 23ms=0 24ms=0 25ms=0 4950ms=0

Pipeline=Skia (Vulkan)
Memory policy:
  Max surface area: 5184000
  Max resource usage: 248.83MB (x48)
  Background retention: 50% (altUiHidden = true)
  GPU Context timeout: 10
Contexts: 1 (stopped = 0)
CPU Caches:
  Glyph Cache: 143.50 KB (1 entry)
  Glyph Count: 48 
Total CPU memory usage:
  146946 bytes, 143.50 KB (0.00 bytes is purgeable)
GPU Caches:
  Other:
    TextBlobCache: 57.34 KB (1 entry)
  Image:
    Texture: 64.00 bytes (1 entry)
  Scratch:
    Texture: 4.00 MB (1 entry)
    Buffer Object: 206.38 KB (8 entries)
    Attachment: 0.00 bytes (2 entries)
Total GPU memory usage:
  4464408 bytes, 4.26 MB (192.00 bytes is purgeable)

GraphicBufferAllocator buffers:
            Handle |         Size |     W (Stride) x H | Layers |   Format |      Usage | Requestor
0xb4000079de46e890 |      unknown | 1800 (   0) x 2880 |      1 |        1 | 0x     b00 | VRI[MainActivity]@d44003b#1(BLAST Consumer)1
0xb4000079de472a30 |      unknown | 1800 (   0) x 2880 |      1 |        1 | 0x     b00 | VRI[MainActivity]@d44003b#1(BLAST Consumer)1
0xb4000079de475910 |      unknown | 1800 (   0) x 2880 |      1 |        1 | 0x     b00 | VRI[MainActivity]@d44003b#1(BLAST Consumer)1
0xb4000079de47a410 |      unknown | 1800 (   0) x 2880 |      1 |        1 | 0x     b00 | VRI[MainActivity]@d44003b#1(BLAST Consumer)1
Total allocated by GraphicBufferAllocator (estimate): 0.00 KB
Imported gralloc buffers:
+ name:VRI[MainActivity]@d44003b#1(BLAST Consumer)1, id:13527291556653545, size:20616.50KiB, w/h:1800x2880, usage: 0xb00, req fmt:1, fourcc/mod:875708993/0, dataspace: 0x8810000, compressed: false
+ name:VRI[MainActivity]@d44003b#1(BLAST Consumer)1, id:13527291556653547, size:20616.50KiB, w/h:1800x2880, usage: 0xb00, req fmt:1, fourcc/mod:875708993/0, dataspace: 0x8810000, compressed: false
+ name:VRI[MainActivity]@d44003b#1(BLAST Consumer)1, id:13527291556653546, size:20616.50KiB, w/h:1800x2880, usage: 0xb00, req fmt:1, fourcc/mod:875708993/0, dataspace: 0x8810000, compressed: false
+ name:VRI[MainActivity]@d44003b#1(BLAST Consumer)1, id:13527291556653544, size:20616.50KiB, w/h:1800x2880, usage: 0xb00, req fmt:1, fourcc/mod:875708993/0, dataspace: 0x8810000, compressed: false
Total imported by gralloc: 82466.00KiB

Profile data in ms:

	dev.intervaltablet.debug/dev.intervaltablet.MainActivity/android.view.ViewRootImpl@8e2aa8a (visibility=0)
Window: dev.intervaltablet.debug/dev.intervaltablet.MainActivity
Stats since: 984582363308865ns
Total frames rendered: 479
Janky frames: 479 (100.00%)
Janky frames (legacy): 436 (91.02%)
50th percentile: 20ms
90th percentile: 38ms
95th percentile: 38ms
99th percentile: 40ms
Number Missed Vsync: 0
Number High input latency: 0
Number Slow UI thread: 477
Number Slow bitmap uploads: 0
Number Slow issue draw commands: 82
Number Frame deadline missed: 479
Number Frame deadline missed (legacy): 436
HISTOGRAM: 5ms=0 6ms=0 7ms=0 8ms=0 9ms=0 10ms=0 11ms=0 12ms=2 13ms=4 14ms=18 15ms=26 16ms=35 17ms=55 18ms=50 19ms=37 20ms=13 21ms=0 22ms=0 23ms=0 24ms=0 25ms=0 26ms=0 27ms=0 28ms=0 29ms=0 30ms=0 31ms=2 32ms=9 34ms=73 36ms=87 38ms=49 40ms=16 42ms=3 44ms=0 46ms=0 48ms=0 53ms=0 57ms=0 61ms=0 65ms=0 69ms=0 73ms=0 77ms=0 81ms=0 85ms=0 89ms=0 93ms=0 97ms=0 101ms=0 105ms=0 109ms=0 113ms=0 117ms=0 121ms=0 125ms=0 129ms=0 133ms=0 150ms=0 200ms=0 250ms=0 300ms=0 350ms=0 400ms=0 450ms=0 500ms=0 550ms=0 600ms=0 650ms=0 700ms=0 750ms=0 800ms=0 850ms=0 900ms=0 950ms=0 1000ms=0 1050ms=0 1100ms=0 1150ms=0 1200ms=0 1250ms=0 1300ms=0 1350ms=0 1400ms=0 1450ms=0 1500ms=0 1550ms=0 1600ms=0 1650ms=0 1700ms=0 1750ms=0 1800ms=0 1850ms=0 1900ms=0 1950ms=0 2000ms=0 2050ms=0 2100ms=0 2150ms=0 2200ms=0 2250ms=0 2300ms=0 2350ms=0 2400ms=0 2450ms=0 2500ms=0 2550ms=0 2600ms=0 2650ms=0 2700ms=0 2750ms=0 2800ms=0 2850ms=0 2900ms=0 2950ms=0 3000ms=0 3050ms=0 3100ms=0 3150ms=0 3200ms=0 3250ms=0 3300ms=0 3350ms=0 3400ms=0 3450ms=0 3500ms=0 3550ms=0 3600ms=0 3650ms=0 3700ms=0 3750ms=0 3800ms=0 3850ms=0 3900ms=0 3950ms=0 4000ms=0 4050ms=0 4100ms=0 4150ms=0 4200ms=0 4250ms=0 4300ms=0 4350ms=0 4400ms=0 4450ms=0 4500ms=0 4550ms=0 4600ms=0 4650ms=0 4700ms=0 4750ms=0 4800ms=0 4850ms=0 4900ms=0 4950ms=0
50th gpu percentile: 6ms
90th gpu percentile: 7ms
95th gpu percentile: 7ms
99th gpu percentile: 7ms
GPU HISTOGRAM: 1ms=0 2ms=0 3ms=0 4ms=0 5ms=2 6ms=408 7ms=69 8ms=0 9ms=0 10ms=0 11ms=0 12ms=0 13ms=0 14ms=0 15ms=0 16ms=0 17ms=0 18ms=0 19ms=0 20ms=0 21ms=0 22ms=0 23ms=0 24ms=0 25ms=0 4950ms=0



---PROFILEDATA---
Flags,FrameTimelineVsyncId,IntendedVsync,Vsync,InputEventId,HandleInputStart,AnimationStart,PerformTraversalsStart,DrawStart,FrameDeadline,FrameStartTime,FrameInterval,WorkloadTarget,SyncQueued,SyncStart,IssueDrawCommandsStart,SwapBuffers,FrameCompleted,DequeueBufferDuration,QueueBufferDuration,GpuCompleted,SwapBuffersCompleted,DisplayPresentTime,CommandSubmissionCompleted,
0,13971899,984605082668859,984605082668859,0,984605084662068,984605084664295,984605088140076,984605088214725,984605093779970,984605084655818,11111111,11111111,984605091021209,984605091327303,984605091484881,984605093891600,984605099191248,15391,602617,984605099191248,984605094659373,984605115500193,984605093891600,
0,13971914,984605104891081,984605104891081,0,984605106499100,984605106500584,984605123303826,984605123372732,984605116002192,984605106491678,11111111,11111111,984605134614764,984605134869139,984605134995779,984605136590350,984605142373123,10391,303750,984605142373123,984605136967537,984605148881248,984605136590350,
0,13971929,984605204881984,984605204881984,0,984605206168592,984605206170545,984605209536756,984605209649725,984605215993095,984605206161639,11111111,11111111,984605213719607,984605213904100,984605214140818,984605216788787,984605221786053,21367,1383047,984605221786053,984605218374764,984605237625545,984605216788787,
0,13971944,984605238215317,984605238215317,0,984605239841092,984605239843318,984605256602928,984605256673084,984605249326428,984605239833318,11111111,11111111,984605269277459,984605269537029,984605269676990,984605271239920,984605277014764,12734,594179,984605277014764,984605271929646,984605293079490,984605271239920,
0,13971959,984605326611302,984605326611302,0,984605327739529,984605327742889,984605332995154,984605333110701,984605337722413,984605327729139,11111111,11111111,984605337326678,984605337530310,984605337746951,984605340532029,984605346389100,24883,1248711,984605346389100,984605341926248,984605359690545,984605340532029,
0,13971974,984605359944635,984605359944635,0,984605360849685,984605360851834,984605375189178,984605375261990,984605371055746,984605360842810,11111111,11111111,984605388825350,984605389075779,984605389210193,984605390644100,984605396616326,12070,289805,984605396616326,984605391000310,984605404185310,984605390644100,
0,13971989,984605459847765,984605459847765,0,984605461573279,984605461575975,984605466223514,984605466336639,984605470958876,984605461563826,11111111,11111111,984605470299725,984605470495389,984605470710623,984605473402068,984605479074646,25390,320586,984605479074646,984605473805154,984605492882850,984605473402068,
0,13972004,984605482069987,984605482069987,0,984605484428396,984605484429764,984605502060115,984605502139295,984605493181098,984605484421717,11111111,11111111,984605514061326,984605514331834,984605514465662,984605516194490,984605522082654,10703,536328,984605522082654,984605516795779,984605537273787,984605516194490,
0,13972019,984605581968376,984605581968376,0,984605583629217,984605583631482,984605586941287,984605587085467,984605593079487,984605583622146,11111111,11111111,984605590192225,984605590301756,984605590426365,984605592747967,984605598322771,21914,1093438,984605598322771,984605593966873,984605614948357,984605592747967,
0,13972034,984605615246098,984605615246098,0,984605616170115,984605616171365,984605630511834,984605630582068,984605626357209,984605616165037,11111111,11111111,984605643878748,984605643999803,984605644211756,984605645296326,984605651094646,9882,449180,984605651094646,984605645799295,984605659346404,984605645296326,
0,13972049,984605703993959,984605703993959,0,984605705162068,984605705164256,984605709757459,984605709872537,984605715105070,984605705151170,11111111,11111111,984605713774959,984605714277498,984605714546560,984605716846014,984605722600896,23125,851718,984605722600896,984605717813123,984605737160350,984605716846014,
0,13972064,984605737327292,984605737327292,0,984605737894529,984605737896287,984605752381521,984605752451756,984605748438403,984605737888435,11111111,11111111,984605766043553,984605766310467,984605766448045,984605767960545,984605773758982,11875,417812,984605773758982,984605768455545,984605781447303,984605767960545,
0,13972079,984605837273784,984605837273784,0,984605838931678,984605838933904,984605842131756,984605842205428,984605848384895,984605838925271,11111111,11111111,984605844829021,984605844942225,984605845060232,984605847489842,984605852968592,19414,1711836,984605852968592,984605849362303,984605859154685,984605847489842,
0,13972094,984605870503910,984605870503910,0,984605871881912,984605871883709,984605888816248,984605888889490,984605881615021,984605871874295,11111111,11111111,984605901842967,984605902094920,984605902239607,984605903784100,984605909618826,12539,880195,984605909618826,984605904753709,984605925748670,984605903784100,
0,13972109,984605959346401,984605959346401,0,984605960399021,984605960401092,984605963661248,984605963783201,984605970457512,984605960391990,11111111,11111111,984605966906912,984605967047654,984605967199920,984605969542498,984605975624646,18281,927735,984605975624646,984605970599021,984605981256248,984605969542498,
0,13972124,984605992715903,984605992715903,0,984605993709412,984605993710740,984606008274881,984606008347537,984606003827014,984605993703904,11111111,11111111,984606019736678,984606019824295,984606019930076,984606021508826,984606027225037,11133,335196,984606027225037,984606021917850,984606036744568,984606021508826,
0,13972139,984606092558411,984606092558411,0,984606094502732,984606094506053,984606099017185,984606099125271,984606103669522,984606094494334,11111111,11111111,984606102519725,984606103029100,984606103284060,984606105677771,984606111061639,22578,584336,984606111061639,984606106396404,984606125427225,984606105677771,
0,13972154,984606114780633,984606114780633,0,984606116530428,984606116532889,984606133797732,984606133867889,984606125891744,984606116521795,11111111,11111111,984606145738982,984606145956834,984606146103123,984606147560428,984606153451287,12187,720000,984606153451287,984606148376756,984606158758865,984606147560428,
0,13972169,984606214637556,984606214637556,0,984606215991170,984606215992889,984606219341326,984606219455857,984606225748667,984606215985037,11111111,11111111,984606223693435,984606224192810,984606224487225,984606227544842,984606233017303,28399,1371797,984606233017303,984606229274607,984606247624451,984606227544842,
0,13972184,984606247922912,984606247922912,0,984606248950740,984606248952537,984606263355857,984606263424334,984606259034023,984606248945623,11111111,11111111,984606276742225,984606277003240,984606277132381,984606278465779,984606284608904,12578,570351,984606284608904,984606279122576,984606292003709,984606278465779,
0,13972199,984606336538334,984606336538334,0,984606337953553,984606337955701,984606342362185,984606342479451,984606347649445,984606337945193,11111111,11111111,984606346766600,984606347274764,984606347556014,984606349674568,984606355046209,24258,498359,984606355046209,984606350292498,984606369726248,984606349674568,
0,13972214,984606369871667,984606369871667,0,984606370495193,984606370497420,984606384766365,984606384834373,984606380982778,984606370489295,11111111,11111111,984606396600857,984606396868318,984606396994490,984606398445545,984606404125701,11094,273554,984606404125701,984606398788592,984606414122732,984606398445545,
0,13972229,984606469846671,984606469846671,0,984606471859568,984606471862771,984606476634217,984606476704217,984606480957782,984606471851170,11111111,11111111,984606479438123,984606479767615,984606479925740,984606482012420,984606487430076,18242,536836,984606487430076,984606482693631,984606502944607,984606482012420,
0,13972244,984606492068893,984606492068893,0,984606493693279,984606493695545,984606511025740,984606511096560,984606503180004,984606493686795,11111111,11111111,984606523190740,984606523311014,984606523422615,984606524792771,984606530645506,10586,313398,984606530645506,984606525185076,984606536244021,984606524792771,
0,13972259,984606591948468,984606591948468,0,984606593014803,984606593016521,984606596376248,984606596491873,984606603059579,984606593007771,11111111,11111111,984606600334725,984606600520506,984606600730076,984606603472576,984606608664881,24570,702148,984606608664881,984606604322498,984606625158123,984606603472576,
0,13972274,984606625281801,984606625281801,0,984606626687342,984606626689256,984606642668396,984606642730584,984606636392912,984606626681014,11111111,11111111,984606655624100,984606655909764,984606656153748,984606657672185,984606663883553,12813,575117,984606663883553,984606658327693,984606669353475,984606657672185,
0,13972289,984606714055716,984606714055716,0,984606714908475,984606714910271,984606717789373,984606717857771,984606725166827,984606714902107,11111111,11111111,984606720100975,984606720204529,984606720313006,984606722487850,984606728388006,12305,410703,984606728388006,984606723015350,984606736168435,984606722487850,
0,13972304,984606747389049,984606747389049,0,984606749233514,984606749236326,984606766567967,984606766641248,984606758500160,984606749223162,11111111,11111111,984606778473123,984606778751912,984606778883631,984606780461443,984606786238592,11640,505703,984606786238592,984606781049295,984606802559451,984606780461443,
0,13972319,984606847355129,984606847355129,0,984606848903201,984606848905701,984606852372732,984606852496912,984606858466240,984606848896404,11111111,11111111,984606855284451,984606855656170,984606855831131,984606857692576,984606863188006,20195,1512617,984606863188006,984606859360935,984606869232146,984606857692576,
0,13972334,984606880713676,984606880713676,0,984606882613240,984606882616209,984606899035350,984606899103514,984606891824787,984606882604060,11111111,11111111,984606911416951,984606911508904,984606911603201,984606912966326,984606918851834,8750,256406,984606918851834,984606913276248,984606924661287,984606912966326,
0,13972349,984606969353472,984606969353472,0,984606970245389,984606970247420,984606973285389,984606973355779,984606980464583,984606970238475,11111111,11111111,984606975707576,984606976232029,984606976436639,984606978406873,984606984320701,18750,1053554,984606984320701,984606979603748,984606991333904,984606978406873,
0,13972364,984607002835099,984607002835099,0,984607004259529,984607004261834,984607020870779,984607020941600,984607013946210,984607004250310,11111111,11111111,984607033950467,984607034051209,984607034171560,984607035690584,984607041583162,20977,396797,984607041583162,984607036164295,984607046728435,984607035690584,
0,13972379,984607091448337,984607091448337,0,984607092415623,984607092417615,984607095978123,984607096250428,984607102559448,984607092407810,11111111,11111111,984607098602889,984607098708475,984607098819725,984607100832029,984607106691756,20430,371719,984607106691756,984607101308279,984607113370896,984607100832029,
0,13972394,984607124787699,984607124787699,0,984607126112889,984607126115701,984607143695975,984607143767381,984607135898810,984607126104490,11111111,11111111,984607155049607,984607155289998,984607155427654,984607156982928,984607162709803,12304,650625,984607162709803,984607157711287,984607168956482,984607156982928,
0,13972409,984607224661284,984607224661284,0,984607226588123,984607226590193,984607229561287,984607229635506,984607235772395,984607226581560,11111111,11111111,984607232242146,984607232541639,984607232696600,984607234892889,984607240356326,15274,637539,984607240356326,984607235679139,984607257705115,984607234892889,
0,13972424,984607258000568,984607258000568,0,984607259518865,984607259521560,984607276587928,984607276678709,984607269111679,984607259510389,11111111,11111111,984607289968123,984607290202771,984607290357732,984607292369217,984607298195857,13907,600703,984607298195857,984607293058201,984607313178982,984607292369217,
0,13972439,984607346704227,984607346704227,0,984607348484490,984607348487185,984607354127928,984607354294920,984607357815338,984607348475350,11111111,11111111,984607359240740,984607359749725,984607360119725,984607361693201,984607367563943,26992,375781,984607367563943,984607362152185,984607379739529,984607361693201,
0,13972454,984607380037560,984607380037560,0,984607380774295,984607380776209,984607398946365,984607399016170,984607391148671,984607380766521,11111111,11111111,984607410887537,984607410979334,984607411094959,984607412728943,984607418565428,12734,298789,984607418565428,984607413108553,984607424400350,984607412728943,
0,13972469,984607479927335,984607479927335,0,984607481626248,984607481628709,984607485575818,984607485689100,984607491038446,984607481618396,11111111,11111111,984607489736014,984607490189178,984607490429021,984607492891443,984607498348982,24648,1036953,984607498348982,984607494084451,984607513242498,984607492891443,
0,13972484,984607502149557,984607502149557,0,984607503211365,984607503212810,984607519622615,984607519708475,984607513260668,984607503205154,11111111,11111111,984607531684881,984607531762498,984607531871639,984607533421014,984607539211756,10000,281836,984607539211756,984607533769998,984607546246248,984607533421014,
0,13972499,984607601961749,984607601961749,0,984607603316326,984607603318514,984607607414725,984607607532693,984607613072860,984607603308045,11111111,11111111,984607611664295,984607611856795,984607612183826,984607615375857,984607621261443,24648,1376836,984607621261443,984607616914646,984607635055740,984607615375857,
0,13972514,984607635295082,984607635295082,0,984607636842185,984607636844139,984607652174217,984607652252654,984607646406193,984607636835428,11111111,11111111,984607663947732,984607664190467,984607664308084,984607665544959,984607671246326,10547,566836,984607671246326,984607666194256,984607679408162,984607665544959,
0,13972529,984607724353607,984607724353607,0,984607725679217,984607725682068,984607730223592,984607730345232,984607735464718,984607725670975,11111111,11111111,984607734387576,984607734576560,984607734800584,984607737431209,984607743946521,23906,779961,984607743946521,984607738325584,984607757136717,984607737431209,
0,13972544,984607757686940,984607757686940,0,984607758279959,984607758281873,984607772284607,984607772350389,984607768798051,984607758273982,11111111,11111111,984607783867928,984607783954217,984607784151170,984607785636365,984607791752146,13242,329649,984607791752146,984607786039100,984607801650350,984607785636365,
0,13972559,984607857277960,984607857277960,0,984607858167420,984607858169178,984607861513787,984607861630037,984607868389071,984607858159568,11111111,11111111,984607865353240,984607865460779,984607865592928,984607868372693,984607873808748,22734,1203906,984607873808748,984607869769646,984607890296248,984607868372693,
0,13972574,984607879500182,984607879500182,0,984607882263514,984607882265584,984607897846248,984607897903318,984607890611293,984607882254490,11111111,11111111,984607909498201,984607909763826,984607909900740,984607911388475,984607917803709,12070,328750,984607917803709,984607911796678,984607923640428,984607911388475,
0,13972589,984607979358937,984607979358937,0,984607980544256,984607980547264,984607985688982,984607985829568,984607990470048,984607980534373,11111111,11111111,984607989690271,984607990136404,984607990380115,984607992902850,984607998985467,21602,1147266,984607998985467,984607994206834,984608012505506,984607992902850,
0,13972604,984608012692270,984608012692270,0,984608013780232,984608013782264,984608029883865,984608029954178,984608023803381,984608013773514,11111111,11111111,984608041929412,984608042182029,984608042319685,984608043824451,984608049656014,13633,408203,984608049656014,984608044309412,984608057152303,984608043824451,
0,13972619,984608112518468,984608112518468,0,984608114250935,984608114253475,984608117366951,984608117445701,984608123629579,984608114244334,11111111,11111111,984608120251639,984608120571404,984608120739568,984608122987654,984608128403670,14687,1164218,984608128403670,984608124304998,984608145719060,984608122987654,
0,13972634,984608134740690,984608134740690,0,984608136803670,984608136805779,984608153672420,984608153739490,984608145851801,984608136796482,11111111,11111111,984608166814021,984608166894568,984608166986365,984608168717498,984608174468006,8633,516328,984608174468006,984608169294842,984608190023826,984608168717498,
0,13972649,984608234727726,984608234727726,0,984608236460584,984608236463475,984608240993201,984608241106404,984608245838837,984608236450857,11111111,11111111,984608244881053,984608244979529,984608245093709,984608247349178,984608252705310,22929,1176679,984608252705310,984608248651678,984608267584803,984608247349178,
0,13972664,984608268061059,984608268061059,0,984608268759021,984608268761248,984608284283162,984608284363904,984608279172170,984608268752459,11111111,11111111,984608296681990,984608296923631,984608297031756,984608298101131,984608304515662,10625,525430,984608304515662,984608298704725,984608312113240,984608298101131,
0,13972679,984608356830169,984608356830169,0,984608357897732,984608357900662,984608363377225,984608363491912,984608367941280,984608357886873,11111111,11111111,984608367408787,984608367589217,984608367793475,984608369586912,984608375011990,25078,407500,984608375011990,984608370118865,984608389782264,984608369586912,
0,13972694,984608390163502,984608390163502,0,984608390730896,984608390732654,984608406456092,984608406524100,984608401274613,984608390724334,11111111,11111111,984608418133943,984608418381248,984608418517967,984608419981131,984608425770818,11875,374023,984608425770818,984608420425076,984608434196990,984608419981131,
0,13972709,984608490023823,984608490023823,0,984608492222537,984608492225076,984608496502225,984608496612810,984608501134934,984608492214412,11111111,11111111,984608500616209,984608501141795,984608501621521,984608504366795,984608510410623,23008,1199805,984608510410623,984608505706482,984608522967146,984608504366795,
0,13972724,984608512246045,984608512246045,0,984608514489060,984608514489959,984608529383709,984608529459959,984608523357156,984608514484100,11111111,11111111,984608541329607,984608541629529,984608541760623,984608543188279,984608548999803,11719,543047,984608548999803,984608543807654,984608556371014,984608543188279,
0,13972739,984608612004484,984608612004484,0,984608613250232,984608613253514,984608617895857,984608618009021,984608623115595,984608613240857,11111111,11111111,984608621630232,984608621985740,984608622151951,984608625039412,984608630417146,18085,1089805,984608630417146,984608626276795,984608645061678,984608625039412,
0,13972754,984608645337817,984608645337817,0,984608646475076,984608646476639,984608661348475,984608661418709,984608656448928,984608646468279,11111111,11111111,984608673491795,984608673773553,984608673910779,984608675429334,984608681197303,12656,688203,984608681197303,984608676204529,984608689496717,984608675429334,
0,13972769,984608745189366,984608745189366,0,984608746740818,984608746742967,984608750148982,984608750264217,984608756300477,984608746733514,11111111,11111111,984608754114451,984608754621365,984608754930271,984608757891326,984608763304646,26524,632891,984608763304646,984608758690545,984608778301951,984608757891326,
0,13972784,984608767411588,984608767411588,0,984608768489607,984608768491092,984608784410779,984608784479764,984608778522699,984608768483435,11111111,11111111,984608796915076,984608797005037,984608797119842,984608798632537,984608804389373,13750,360469,984608804389373,984608799066756,984608811534217,984608798632537,
0,13972799,984608867283898,984608867283898,0,984608868527928,984608868530271,984608873107771,984608873221326,984608878395009,984608868519451,11111111,11111111,984608876947068,984608877059607,984608877212068,984608879359412,984608884802615,15507,432383,984608884802615,984608879918787,984608900761248,984608879359412,
0,13972814,984608900617231,984608900617231,0,984608902373084,984608902375232,984608918458396,984608918532654,984608911728342,984608902366560,11111111,11111111,984608931039295,984608931151521,984608931268318,984608933145467,984608938980623,20821,398789,984608938980623,984608933629451,984608944700584,984608933145467,
0,13972829,984608989413060,984608989413060,0,984608990571443,984608990573631,984608993686873,984608993759490,984609000524171,984608990564256,11111111,11111111,984608996433123,984608996751326,984608996882537,984608998547889,984609004879646,15508,393242,984609004879646,984608999044490,984609011389685,984608998547889,
0,13972844,984609022746393,984609022746393,0,984609023648514,984609023650545,984609039127381,984609039208435,984609033857504,984609023641560,11111111,11111111,984609054053982,984609054175037,984609054339685,984609056427381,984609062000857,15312,1116367,984609062000857,984609057635076,984609077936990,984609056427381,
0,13972859,984609122645325,984609122645325,0,984609124563514,984609124565545,984609126970506,984609127043982,984609133756436,984609124557146,11111111,11111111,984609129578904,984609129883514,984609130045662,984609132608787,984609138221443,15625,1592968,984609138221443,984609134350584,984609144550389,984609132608787,
0,13972874,984609145205690,984609145205690,0,984609145878631,984609145880506,984609160912654,984609160979451,984609156316801,984609145872771,11111111,11111111,984609172978123,984609173082303,984609173198826,984609174689920,984609180414139,19336,554297,984609180414139,984609175324725,984609188931912,984609174689920,
0,13972889,984609244700581,984609244700581,0,984609245846521,984609245849529,984609250249100,984609250369529,984609255811692,984609245837615,11111111,11111111,984609253965115,984609254087420,984609254218318,984609257109998,984609262571365,21368,904688,984609262571365,984609258164842,984609277794607,984609257109998,
0,13972904,984609278056349,984609278056349,0,984609279094256,984609279096678,984609295336209,984609295404178,984609289167460,984609279087029,11111111,11111111,984609306914725,984609307190310,984609307320935,984609308888943,984609314520154,12188,304805,984609314520154,984609309268045,984609322028670,984609308888943,
0,13972919,984609366825876,984609366825876,0,984609367958748,984609367961326,984609373745740,984609373918006,984609377936987,984609367948670,11111111,11111111,984609378263748,984609378515584,984609378647303,984609380181990,984609386245076,14180,386016,984609386245076,984609380654685,984609399872889,984609380181990,
0,13972934,984609400105942,984609400105942,0,984609400987420,984609400990623,984609419269060,984609419333553,984609411217053,984609400979060,11111111,11111111,984609431174334,984609431264920,984609431378865,984609433040740,984609438862303,11289,280977,984609438862303,984609433402850,984609455349959,984609433040740,
0,13972949,984609500016827,984609500016827,0,984609501691639,984609501693357,984609505111717,984609505231795,984609511127938,984609501683982,11111111,11111111,984609510076053,984609510602889,984609510906014,984609513145232,984609518935740,27187,570937,984609518935740,984609513800310,984609533041834,984609513145232,
0,13972964,984609533350160,984609533350160,0,984609534585779,984609534587264,984609548704100,984609548745428,984609544461271,984609534580623,11111111,11111111,984609560526209,984609560788084,984609560928240,984609562495584,984609568233045,12539,285820,984609568233045,984609562858826,984609577415389,984609562495584,
0,13972979,984609622095109,984609622095109,0,984609623305818,984609623308045,984609626793748,984609626909959,984609633206220,984609623297850,11111111,11111111,984609631843514,984609632318475,984609632588865,984609634943826,984609640762732,25195,1148164,984609640762732,984609636227029,984609655083904,984609634943826,
0,13972994,984609655428442,984609655428442,0,984609656350701,984609656352264,984609673176092,984609673250662,984609666539553,984609656345389,11111111,11111111,984609686018631,984609686295193,984609686426365,984609687883162,984609693984139,11563,653437,984609693984139,984609688610584,984609699537576,984609687883162,
0,13973009,984609744238845,984609744238845,0,984609745728943,984609745730154,984609748951990,984609749015701,984609755349956,984609745722029,11111111,11111111,984609751245193,984609751347264,984609751457420,984609753754060,984609759661482,13477,438125,984609759661482,984609754314373,984609766142771,984609753754060,
0,13973024,984609777486276,984609777486276,0,984609778482420,984609778484646,984609794089920,984609794156912,984609788597387,984609778476639,11111111,11111111,984609806543045,984609806827381,984609806964803,984609808535154,984609814414021,12422,542265,984609814414021,984609809153553,984609821646873,984609808535154,
0,13973039,984609877415386,984609877415386,0,984609878469764,984609878471873,984609881939451,984609882054256,984609888526497,984609878463670,11111111,11111111,984609886105740,984609886637381,984609886941053,984609890275740,984609895599568,28399,817149,984609895599568,984609891283475,984609910817185,984609890275740,
0,13973054,984609910639457,984609910639457,0,984609911685271,984609911687185,984609927263357,984609927364959,984609921750568,984609911678826,11111111,11111111,984609939239295,984609939444334,984609939597107,984609941001678,984609946796717,11524,238008,984609946796717,984609941295662,984609954818514,984609941001678,
0,13973069,984609999476102,984609999476102,0,984610001065389,984610001068201,984610006135662,984610006251795,984610010587213,984610001056756,11111111,11111111,984610010199998,984610011000623,984610011279021,984610013614060,984610019425389,25195,1123984,984610019425389,984610014876131,984610032474529,984610013614060,
0,13973084,984610032809435,984610032809435,0,984610033467420,984610033468982,984610048982693,984610049048865,984610043920546,984610033462693,11111111,11111111,984610061077068,984610061178865,984610061294685,984610062740193,984610068516443,20898,524531,984610068516443,984610063344217,984610076907928,984610062740193,
0,13973099,984610121928294,984610121928294,0,984610123652146,984610123653787,984610127147967,984610127256092,984610133039405,984610123644959,11111111,11111111,984610130052576,984610130152537,984610130265154,984610132565310,984610138688006,16680,843008,984610138688006,984610133545271,984610155111053,984610132565310,
0,13973114,984610155261627,984610155261627,0,984610156369764,984610156371756,984610171894959,984610171952381,984610166372738,984610156359685,11111111,11111111,984610184102732,984610184200115,984610184314295,984610185955389,984610191672537,14688,554062,984610191672537,984610186595623,984610198982654,984610185955389,
0,13973129,984610254696749,984610254696749,0,984610256284646,984610256287029,984610259685310,984610259797771,984610265807860,984610256276443,11111111,11111111,984610263791326,984610263965779,984610264244764,984610267790115,984610273245310,24297,1519883,984610273245310,984610269474060,984610287840857,984610267790115,
0,13973144,984610288030082,984610288030082,0,984610289719568,984610289721639,984610305680428,984610305751639,984610299141193,984610289712420,11111111,11111111,984610317177068,984610317419920,984610317551131,984610318993514,984610324758592,11640,474961,984610324758592,984610319538943,984610332309412,984610318993514,
0,13973159,984610377333273,984610377333273,0,984610378465350,984610378467810,984610383238123,984610383351482,984610388444384,984610378457654,11111111,11111111,984610387814920,984610388309373,984610388600935,984610390240506,984610395608709,19023,514063,984610395608709,984610390880076,984610409820935,984610390240506,
0,13973174,984610410666606,984610410666606,0,984610412104881,984610412107029,984610429711209,984610429776560,984610421777717,984610412096521,11111111,11111111,984610442025271,984610442118748,984610442232771,984610443774334,984610449604139,12969,862851,984610449604139,984610444722693,984610465356521,984610443774334,
0,13973189,984610498951966,984610498951966,0,984610500592732,984610500595857,984610505105975,984610505215037,984610510063077,984610500584021,11111111,11111111,984610509140115,984610509643787,984610509921404,984610512926443,984610518757498,25000,1089883,984610518757498,984610514153475,984610531983553,984610512926443,
0,13973204,984610532285299,984610532285299,0,984610533250506,984610533251873,984610550021873,984610550096600,984610543396410,984610533245467,11111111,11111111,984610562505701,984610562765857,984610562898162,984610564452967,984610570245506,12734,531875,984610570245506,984610565062654,984610576571756,984610564452967,
0,13973219,984610632309409,984610632309409,0,984610634241326,984610634243787,984610638728631,984610638876639,984610643420520,984610634233435,11111111,11111111,984610642980935,984610643799334,984610644167850,984610646509998,984610651901756,25743,627461,984610651901756,984610647285662,984610665307381,984610646509998,
0,13973234,984610665376488,984610665376488,0,984610666568553,984610666570584,984610681994295,984610682063201,984610676487599,984610666561795,11111111,11111111,984610698986053,984610699136053,984610699311170,984610700837732,984610706955232,14258,303516,984610706955232,984610701207615,984610720636404,984610700837732,
0,13973249,984610754245407,984610754245407,0,984610755479803,984610755482225,984610759413865,984610759523201,984610765356518,984610755471678,11111111,11111111,984610763446014,984610763953982,984610764328865,984610766816209,984610772754803,22657,1423476,984610772754803,984610768393553,984610787222303,984610766816209,
0,13973264,984610787539106,984610787539106,0,984610788179295,984610788180545,984610802788670,984610802846131,984610798650217,984610788174568,11111111,11111111,984610813668084,984610813751287,984610813846521,984610815186717,984610820918826,9375,463281,984610820918826,984610815715037,984610831699021,984610815186717,
0,13973279,984610887529601,984610887529601,0,984610888995975,984610888998553,984610893370701,984610893478982,984610898640712,984610888988240,11111111,11111111,984610897526170,984610897718396,984610897947771,984610900623787,984610906693162,21523,992578,984610906693162,984610901762303,984610920444998,984610900623787,
0,13973294,984610909751823,984610909751823,0,984610911346170,984610911347810,984610928282264,984610928350193,984610920862934,984610911339803,11111111,11111111,984610939624021,984610939869529,984610940106404,984610941620350,984610947345584,12618,284219,984610947345584,984610941975779,984610953732381,984610941620350,
0,13973309,984611009525290,984611009525290,0,984611010444256,984611010446287,984611013762146,984611013879998,984611020636401,984611010438826,11111111,11111111,984611018426795,984611018934959,984611019215740,984611022480506,984611027534451,26563,683008,984611027534451,984611023320428,984611042511404,984611022480506,
0,13973324,984611042777856,984611042777856,0,984611043659334,984611043660818,984611058778631,984611058856873,984611053888967,984611043653748,11111111,11111111,984611071085350,984611071341951,984611071464842,984611072924178,984611078660623,10898,525625,984611078660623,984611073528670,984611086927654,984611072924178,
0,13973339,984611131556107,984611131556107,0,984611133169685,984611133172029,984611137856873,984611137973514,984611142667218,984611133161014,11111111,11111111,984611142068201,984611142617537,984611143244373,984611145248514,984611151232615,25742,810390,984611151232615,984611146190506,984611164648943,984611145248514,
0,13973354,984611164889440,984611164889440,0,984611165595076,984611165597185,984611180192576,984611180259803,984611176000551,984611165587967,11111111,11111111,984611192372303,984611192621678,984611192787771,984611194340232,984611200050896,11172,545195,984611200050896,984611194970389,984611209038162,984611194340232,
0,13973369,984611264733624,984611264733624,0,984611266468865,984611266470935,984611270040037,984611270159881,984611275844735,984611266463084,11111111,11111111,984611274396717,984611274897146,984611275180545,984611277502459,984611282992381,26797,467812,984611282992381,984611278095975,984611297798787,984611277502459,
0,13973384,984611286955846,984611286955846,0,984611288855623,984611288857615,984611305554256,984611305630467,984611298066957,984611288846795,11111111,11111111,984611317492928,984611317602185,984611317716365,984611319221209,984611324969529,21055,268593,984611324969529,984611319563787,984611331076600,984611319221209,
0,13973399,984611386871163,984611386871163,0,984611388451834,984611388454725,984611391911482,984611392109021,984611397982274,984611388442264,11111111,11111111,984611396845310,984611396955076,984611397106912,984611399429685,984611404705037,15000,1042227,984611404705037,984611400596678,984611419791482,984611399429685,
0,13973414,984611420204496,984611420204496,0,984611421627537,984611421630271,984611437519256,984611437588318,984611431315607,984611421620975,11111111,11111111,984611449809803,984611449890935,984611449996521,984611451438318,984611457642810,9727,529765,984611457642810,984611452112654,984611464275545,984611451438318,
0,13973429,984611508909896,984611508909896,0,984611509897693,984611509899412,984611513276131,984611513334490,984611520021007,984611509890975,11111111,11111111,984611515588357,984611515672225,984611515780818,984611517957771,984611524184412,13633,491211,984611524184412,984611518562810,984611530906092,984611517957771,
0,13973444,984611542243229,984611542243229,0,984611543131131,984611543133435,984611559432693,984611559506209,984611553354340,984611543122303,11111111,11111111,984611571482576,984611571722225,984611571861248,984611573352693,984611579138787,11523,531094,984611579138787,984611573967615,984611586448475,984611573352693,
0,13973459,984611642187708,984611642187708,0,984611644547693,984611644549607,984611649041482,984611649157576,984611653298819,984611644538514,11111111,11111111,984611653051248,984611653225584,984611653620896,984611657343045,984611662962185,234804,677734,984611662962185,984611658191521,984611675169803,984611657343045,
0,13973474,984611664409930,984611664409930,0,984611665961170,984611665963006,984611681450193,984611681518318,984611675521041,984611665952029,11111111,11111111,984611693027342,984611693117029,984611693218709,984611694694764,984611700456170,10234,287656,984611700456170,984611695051912,984611708466639,984611694694764,
0,13973489,984611764239423,984611764239423,0,984611765116951,984611765118826,984611768454568,984611768567889,984611775350534,984611765110506,11111111,11111111,984611772912107,984611773110701,984611773259646,984611774907459,984611780698435,16172,1758828,984611780698435,984611776818162,984611797314334,984611774907459,
0,13973504,984611797572756,984611797572756,0,984611798424139,984611798426326,984611813749764,984611813819725,984611808683867,984611798417420,11111111,11111111,984611825049295,984611825147810,984611825252771,984611826808123,984611832621248,13946,325742,984611832621248,984611827211834,984611841673084,984611826808123,
0,13973519,984611886280912,984611886280912,0,984611887657068,984611887658865,984611890430584,984611890497029,984611897392023,984611887648748,11111111,11111111,984611892826873,984611892934685,984611893057771,984611895090896,984611900914412,24453,393164,984611900914412,984611895589060,984611908297342,984611895090896,
0,13973534,984611919614245,984611919614245,0,984611920666443,984611920668631,984611937554646,984611937621170,984611930725356,984611920658318,11111111,11111111,984611949751053,984611950020701,984611950158357,984611951709685,984611957591170,12344,439531,984611957591170,984611952227420,984611963766365,984611951709685,
0,13973549,984612019577747,984612019577747,0,984612021816678,984612021819373,984612026425896,984612026533475,984612030688858,984612021806990,11111111,11111111,984612031773006,984612032221053,984612032418240,984612034791990,984612040766482,31640,519414,984612040766482,984612035477459,984612052928162,984612034791990,
0,13973564,984612052869887,984612052869887,0,984612054281053,984612054283279,984612070657576,984612070726756,984612063980998,984612054272928,11111111,11111111,984612083014920,984612083281560,984612083420232,984612085054412,984612091055350,12774,344453,984612091055350,984612085477225,984612097029568,984612085054412,
0,13973579,984612141630673,984612141630673,0,984612142604451,984612142607225,984612146883514,984612146982967,984612152741784,984612142595115,11111111,11111111,984612150641053,984612151121717,984612151401365,984612154258592,984612160071873,25195,1002969,984612160071873,984612155408670,984612174676482,984612154258592,
0,13973594,984612174964006,984612174964006,0,984612175516482,984612175517850,984612189864529,984612189936014,984612186075117,984612175511170,11111111,11111111,984612201749685,984612202035350,984612202166873,984612203638631,984612209425389,11640,518008,984612209425389,984612204239529,984612219074490,984612203638631,
0,13973609,984612275150382,984612275150382,0,984612276998592,984612277000701,984612280444998,984612280566560,984612286261493,984612276992146,11111111,11111111,984612284706092,984612285001209,984612285158709,984612287414373,984612292838709,15000,541796,984612292838709,984612288234607,984604738121600,984612287414373,
0,13973624,984612297372604,984612297372604,0,984612299311092,984612299313006,984612317086521,984612317159217,984612308483715,984612299303357,11111111,11111111,984612329947537,984612330235115,984612330370662,984612331903162,984612337782107,11914,721407,984612337782107,984612332716560,984604771446756,984612331903162,
0,13973639,984612396898702,984612396898702,0,984612398726717,984612398729021,984612403071560,984612403187615,984612408009813,984612398718240,11111111,11111111,984612407227850,984612407406053,984612407605701,984612410526912,984612415946873,23750,1167539,984612415946873,984612411825584,984604860446639,984612410526912,
0,13973654,984612430232035,984612430232035,0,984612431123631,984612431125662,984612445764334,984612445821717,984612441343146,984612431118553,11111111,11111111,984612457307615,984612457383943,984612457476990,984612458854490,984612464435467,9141,274102,984612464435467,984612459196678,984604904658904,984612458854490,
0,13973669,984612518986810,984612518986810,0,984612519413357,984612519415389,984612521380896,984612521444295,984612530097921,984612519404412,11111111,11111111,984612523548162,984612523866248,984612523971951,984612525513084,984612531438553,13750,688906,984612531438553,984612526290310,984604982659764,984612525513084,
0,13973684,984612552320143,984612552320143,0,984612553239568,984612553241170,984612565928240,984612566004959,984612563431254,984612553232420,11111111,11111111,984612578910935,984612579005701,984612579123162,984612580580935,984612586254568,11601,556055,984612586254568,984612581222146,984605026697068,984612580580935,
---PROFILEDATA---


View hierarchy:

  dev.intervaltablet.debug/dev.intervaltablet.MainActivity/android.view.ViewRootImpl@8e2aa8a
  19 views, 33,77 kB of render nodes


Total ViewRootImpl   : 1
Total attached Views : 19
Total RenderNode     : 33,77 kB (used) / 78,25 kB (capacity)

  ProcessConfig={1.0 ?mcc0mnc [fr_FR] ldltr sw900dp w1440dp h900dp 320dpi xlrg compactNeeded hdr widecg land finger -keyb/v/h -nav/h winConfig={ mBounds=Rect(0, 0 - 2880, 1800) mAppBounds=Rect(0, 0 - 2880, 1800) mMaxBounds=Rect(0, 0 - 2880, 1800) mDisplayRotation=ROTATION_90 mWindowingMode=fullscreen mActivityType=undefined mAlwaysOnTop=undefined mRotation=ROTATION_90 mStageConfig=undefined mEmbedActivityMode=undefined mPopOver=off mOverlappingWithCutout=false} s.2631 fontWeightAdjustment=0 ff=0 bf=-1 bts=0 cst=1.0 nightDim=-1 themeSeq=0}
  Application ResourcesConfig={1.0 ?mcc0mnc [fr_FR] ldltr sw900dp w1440dp h900dp 320dpi xlrg compactNeeded hdr widecg land finger -keyb/v/h -nav/h winConfig={ mBounds=Rect(0, 0 - 2880, 1800) mAppBounds=Rect(0, 0 - 2880, 1800) mMaxBounds=Rect(0, 0 - 2880, 1800) mDisplayRotation=ROTATION_90 mWindowingMode=fullscreen mActivityType=undefined mAlwaysOnTop=undefined mRotation=ROTATION_90 mStageConfig=undefined mEmbedActivityMode=undefined mPopOver=off mOverlappingWithCutout=false} s.2631 fontWeightAdjustment=0 ff=0 bf=-1 bts=0 cst=1.0 nightDim=-1 themeSeq=0}
