Applications Graphics Acceleration Info:
Uptime: 991450224 Realtime: 1021128094

** Graphics info for pid 18708 [dev.intervaltablet.benchmark] **

Stats since: 991419992664998ns
Total frames rendered: 477
Janky frames: 475 (99.58%)
Janky frames (legacy): 359 (75.26%)
50th percentile: 18ms
90th percentile: 23ms
95th percentile: 23ms
99th percentile: 27ms
Number Missed Vsync: 0
Number High input latency: 0
Number Slow UI thread: 321
Number Slow bitmap uploads: 0
Number Slow issue draw commands: 399
Number Frame deadline missed: 475
Number Frame deadline missed (legacy): 359
HISTOGRAM: 5ms=0 6ms=0 7ms=0 8ms=0 9ms=1 10ms=1 11ms=0 12ms=4 13ms=15 14ms=127 15ms=76 16ms=5 17ms=3 18ms=10 19ms=10 20ms=26 21ms=63 22ms=69 23ms=47 24ms=10 25ms=0 26ms=5 27ms=4 28ms=1 29ms=0 30ms=0 31ms=0 32ms=0 34ms=0 36ms=0 38ms=0 40ms=0 42ms=0 44ms=0 46ms=0 48ms=0 53ms=0 57ms=0 61ms=0 65ms=0 69ms=0 73ms=0 77ms=0 81ms=0 85ms=0 89ms=0 93ms=0 97ms=0 101ms=0 105ms=0 109ms=0 113ms=0 117ms=0 121ms=0 125ms=0 129ms=0 133ms=0 150ms=0 200ms=0 250ms=0 300ms=0 350ms=0 400ms=0 450ms=0 500ms=0 550ms=0 600ms=0 650ms=0 700ms=0 750ms=0 800ms=0 850ms=0 900ms=0 950ms=0 1000ms=0 1050ms=0 1100ms=0 1150ms=0 1200ms=0 1250ms=0 1300ms=0 1350ms=0 1400ms=0 1450ms=0 1500ms=0 1550ms=0 1600ms=0 1650ms=0 1700ms=0 1750ms=0 1800ms=0 1850ms=0 1900ms=0 1950ms=0 2000ms=0 2050ms=0 2100ms=0 2150ms=0 2200ms=0 2250ms=0 2300ms=0 2350ms=0 2400ms=0 2450ms=0 2500ms=0 2550ms=0 2600ms=0 2650ms=0 2700ms=0 2750ms=0 2800ms=0 2850ms=0 2900ms=0 2950ms=0 3000ms=0 3050ms=0 3100ms=0 3150ms=0 3200ms=0 3250ms=0 3300ms=0 3350ms=0 3400ms=0 3450ms=0 3500ms=0 3550ms=0 3600ms=0 3650ms=0 3700ms=0 3750ms=0 3800ms=0 3850ms=0 3900ms=0 3950ms=0 4000ms=0 4050ms=0 4100ms=0 4150ms=0 4200ms=0 4250ms=0 4300ms=0 4350ms=0 4400ms=0 4450ms=0 4500ms=0 4550ms=0 4600ms=0 4650ms=0 4700ms=0 4750ms=0 4800ms=0 4850ms=0 4900ms=0 4950ms=0
50th gpu percentile: 6ms
90th gpu percentile: 7ms
95th gpu percentile: 7ms
99th gpu percentile: 7ms
GPU HISTOGRAM: 1ms=0 2ms=0 3ms=0 4ms=0 5ms=14 6ms=394 7ms=69 8ms=0 9ms=0 10ms=0 11ms=0 12ms=0 13ms=0 14ms=0 15ms=0 16ms=0 17ms=0 18ms=0 19ms=0 20ms=0 21ms=0 22ms=0 23ms=0 24ms=0 25ms=0 4950ms=0

Pipeline=Skia (Vulkan)
Memory policy:
  Max surface area: 5184000
  Max resource usage: 248.83MB (x48)
  Background retention: 50% (altUiHidden = true)
  GPU Context timeout: 10
Contexts: 1 (stopped = 0)
CPU Caches:
  Glyph Cache: 148.50 KB (1 entry)
  Glyph Count: 45 
Total CPU memory usage:
  152067 bytes, 148.50 KB (0.00 bytes is purgeable)
GPU Caches:
  Other:
    TextBlobCache: 56.25 KB (1 entry)
  Image:
    Texture: 64.00 bytes (1 entry)
  Scratch:
    Texture: 2.00 MB (1 entry)
    Buffer Object: 334.38 KB (12 entries)
    Attachment: 0.00 bytes (2 entries)
Total GPU memory usage:
  2497216 bytes, 2.38 MB (128.19 KB is purgeable)

GraphicBufferAllocator buffers:
            Handle |         Size |     W (Stride) x H | Layers |   Format |      Usage | Requestor
0xb4000079de472710 |      unknown | 1800 (   0) x 2880 |      1 |        1 | 0x     b00 | VRI[MainActivity]@4f3dc3c#0(BLAST Consumer)0
0xb4000079de477850 |      unknown | 1800 (   0) x 2880 |      1 |        1 | 0x     b00 | VRI[MainActivity]@4f3dc3c#0(BLAST Consumer)0
0xb4000079de477e90 |      unknown | 1800 (   0) x 2880 |      1 |        1 | 0x     b00 | VRI[MainActivity]@4f3dc3c#0(BLAST Consumer)0
0xb4000079de478e30 |      unknown | 1800 (   0) x 2880 |      1 |        1 | 0x     b00 | VRI[MainActivity]@4f3dc3c#0(BLAST Consumer)0
Total allocated by GraphicBufferAllocator (estimate): 0.00 KB
Imported gralloc buffers:
+ name:VRI[MainActivity]@4f3dc3c#0(BLAST Consumer)0, id:20569663532559279, size:20616.50KiB, w/h:1800x2880, usage: 0xb00, req fmt:1, fourcc/mod:875708993/0, dataspace: 0x8810000, compressed: false
+ name:VRI[MainActivity]@4f3dc3c#0(BLAST Consumer)0, id:20569663532559280, size:20616.50KiB, w/h:1800x2880, usage: 0xb00, req fmt:1, fourcc/mod:875708993/0, dataspace: 0x8810000, compressed: false
+ name:VRI[MainActivity]@4f3dc3c#0(BLAST Consumer)0, id:20569663532559278, size:20616.50KiB, w/h:1800x2880, usage: 0xb00, req fmt:1, fourcc/mod:875708993/0, dataspace: 0x8810000, compressed: false
+ name:VRI[MainActivity]@4f3dc3c#0(BLAST Consumer)0, id:20569663532559277, size:20616.50KiB, w/h:1800x2880, usage: 0xb00, req fmt:1, fourcc/mod:875708993/0, dataspace: 0x8810000, compressed: false
Total imported by gralloc: 82466.00KiB

Profile data in ms:

	dev.intervaltablet.benchmark/dev.intervaltablet.MainActivity/android.view.ViewRootImpl@431a814 (visibility=0)
Window: dev.intervaltablet.benchmark/dev.intervaltablet.MainActivity
Stats since: 991419992663982ns
Total frames rendered: 477
Janky frames: 475 (99.58%)
Janky frames (legacy): 359 (75.26%)
50th percentile: 18ms
90th percentile: 23ms
95th percentile: 23ms
99th percentile: 27ms
Number Missed Vsync: 0
Number High input latency: 0
Number Slow UI thread: 321
Number Slow bitmap uploads: 0
Number Slow issue draw commands: 399
Number Frame deadline missed: 475
Number Frame deadline missed (legacy): 359
HISTOGRAM: 5ms=0 6ms=0 7ms=0 8ms=0 9ms=1 10ms=1 11ms=0 12ms=4 13ms=15 14ms=127 15ms=76 16ms=5 17ms=3 18ms=10 19ms=10 20ms=26 21ms=63 22ms=69 23ms=47 24ms=10 25ms=0 26ms=5 27ms=4 28ms=1 29ms=0 30ms=0 31ms=0 32ms=0 34ms=0 36ms=0 38ms=0 40ms=0 42ms=0 44ms=0 46ms=0 48ms=0 53ms=0 57ms=0 61ms=0 65ms=0 69ms=0 73ms=0 77ms=0 81ms=0 85ms=0 89ms=0 93ms=0 97ms=0 101ms=0 105ms=0 109ms=0 113ms=0 117ms=0 121ms=0 125ms=0 129ms=0 133ms=0 150ms=0 200ms=0 250ms=0 300ms=0 350ms=0 400ms=0 450ms=0 500ms=0 550ms=0 600ms=0 650ms=0 700ms=0 750ms=0 800ms=0 850ms=0 900ms=0 950ms=0 1000ms=0 1050ms=0 1100ms=0 1150ms=0 1200ms=0 1250ms=0 1300ms=0 1350ms=0 1400ms=0 1450ms=0 1500ms=0 1550ms=0 1600ms=0 1650ms=0 1700ms=0 1750ms=0 1800ms=0 1850ms=0 1900ms=0 1950ms=0 2000ms=0 2050ms=0 2100ms=0 2150ms=0 2200ms=0 2250ms=0 2300ms=0 2350ms=0 2400ms=0 2450ms=0 2500ms=0 2550ms=0 2600ms=0 2650ms=0 2700ms=0 2750ms=0 2800ms=0 2850ms=0 2900ms=0 2950ms=0 3000ms=0 3050ms=0 3100ms=0 3150ms=0 3200ms=0 3250ms=0 3300ms=0 3350ms=0 3400ms=0 3450ms=0 3500ms=0 3550ms=0 3600ms=0 3650ms=0 3700ms=0 3750ms=0 3800ms=0 3850ms=0 3900ms=0 3950ms=0 4000ms=0 4050ms=0 4100ms=0 4150ms=0 4200ms=0 4250ms=0 4300ms=0 4350ms=0 4400ms=0 4450ms=0 4500ms=0 4550ms=0 4600ms=0 4650ms=0 4700ms=0 4750ms=0 4800ms=0 4850ms=0 4900ms=0 4950ms=0
50th gpu percentile: 6ms
90th gpu percentile: 7ms
95th gpu percentile: 7ms
99th gpu percentile: 7ms
GPU HISTOGRAM: 1ms=0 2ms=0 3ms=0 4ms=0 5ms=14 6ms=394 7ms=69 8ms=0 9ms=0 10ms=0 11ms=0 12ms=0 13ms=0 14ms=0 15ms=0 16ms=0 17ms=0 18ms=0 19ms=0 20ms=0 21ms=0 22ms=0 23ms=0 24ms=0 25ms=0 4950ms=0



---PROFILEDATA---
Flags,FrameTimelineVsyncId,IntendedVsync,Vsync,InputEventId,HandleInputStart,AnimationStart,PerformTraversalsStart,DrawStart,FrameDeadline,FrameStartTime,FrameInterval,WorkloadTarget,SyncQueued,SyncStart,IssueDrawCommandsStart,SwapBuffers,FrameCompleted,DequeueBufferDuration,QueueBufferDuration,GpuCompleted,SwapBuffersCompleted,DisplayPresentTime,CommandSubmissionCompleted,
0,15036590,991442703367726,991442703367726,0,991442704336482,991442704337576,991442706081365,991442706200076,991442714478837,991442704330154,11111111,11111111,991442708930115,991442709185662,991442709417068,991442713281678,991442718236639,29687,728828,991442718236639,991442714202810,991442725288357,991442713281678,
0,15036605,991442736701059,991442736701059,0,991442737626131,991442737627615,991442740443201,991442740598045,991442747812170,991442737622381,11111111,11111111,991442749959568,991442750139139,991442750389842,991442754005701,991442759902029,29024,1273867,991442759902029,991442755460467,991442769695232,991442754005701,
0,15036620,991442836530946,991442836530946,0,991442838031170,991442838032068,991442839699490,991442839815115,991442847642057,991442838024451,11111111,11111111,991442842616990,991442842888943,991442843128006,991442846986092,991442852754959,26406,694571,991442852754959,991442847865584,991442869601834,991442846986092,
0,15036635,991442869864279,991442869864279,0,991442871265467,991442871266521,991442874341873,991442874466639,991442880975390,991442871258943,11111111,11111111,991442883407498,991442883597850,991442883871521,991442885803865,991442891764217,29570,796562,991442891764217,991442886758240,991442902929060,991442885803865,
0,15036650,991442958621688,991442958621688,0,991442959572654,991442959573904,991442961175271,991442961280350,991442969732799,991442959565975,11111111,11111111,991442963801014,991442964719725,991442964949295,991442969329920,991442974944060,28750,1486133,991442974944060,991442971053318,991442991675076,991442969329920,
0,15036665,991442991955021,991442991955021,0,991442993017107,991442993018279,991442995381639,991442995489256,991443003066132,991442993011560,11111111,11111111,991443003546131,991443003939881,991443004313435,991443005982850,991443011945115,18477,1019571,991443011945115,991443007173084,991443025418904,991443005982850,
0,15036680,991443091824054,991443091824054,0,991443093037107,991443093038514,991443094383826,991443094498123,991443102935165,991443093030076,11111111,11111111,991443097046092,991443097325467,991443097561014,991443101014842,991443106401912,28632,1561523,991443106401912,991443102779764,991443113791170,991443101014842,
0,15036695,991443114046276,991443114046276,0,991443117038318,991443117039881,991443119716365,991443119837459,991443125157387,991443117030975,11111111,11111111,991443126348357,991443126452928,991443126580662,991443128123240,991443134269334,14609,962929,991443134269334,991443129235662,991443147117498,991443128123240,
0,15036710,991443213897296,991443213897296,0,991443215597576,991443215598748,991443217220428,991443217324295,991443225008407,991443215591209,11111111,11111111,991443219779334,991443220246404,991443220465115,991443223869685,991443229262928,29883,2165156,991443229262928,991443226234412,991443246981873,991443223869685,
0,15036725,991443247230629,991443247230629,0,991443248485271,991443248486365,991443251216873,991443251337107,991443258341740,991443248478982,11111111,11111111,991443261158982,991443261271834,991443261448006,991443264469998,991443270607381,20898,1060352,991443270607381,991443265694881,991443280608592,991443264469998,
0,15036740,991443347124501,991443347124501,0,991443347990975,991443347991873,991443350161717,991443350282537,991443358235612,991443347983514,11111111,11111111,991443353008475,991443353276482,991443353506170,991443356955467,991443362789490,27969,802695,991443362789490,991443357947146,991443369095037,991443356955467,
0,15036755,991443369346723,991443369346723,0,991443370854842,991443370856053,991443373724256,991443373876209,991443380457834,991443370848357,11111111,11111111,991443381784373,991443381890818,991443382051092,991443385314842,991443391036482,21875,1093437,991443391036482,991443386572342,991443402376990,991443385314842,
0,15036770,991443469204093,991443469204093,0,991443470476014,991443470477459,991443471786990,991443471890935,991443480315204,991443470469334,11111111,11111111,991443474602732,991443474892381,991443475123826,991443478605271,991443484289451,28320,1991367,991443484289451,991443481036834,991443491154490,991443478605271,
0,15036785,991443502537426,991443502537426,0,991443504663123,991443504664803,991443507408982,991443507529451,991443513648537,991443504656092,11111111,11111111,991443516855115,991443517043670,991443517235310,991443519153006,991443525087889,20469,557070,991443525087889,991443519881443,991443535568201,991443519153006,
0,15036800,991443602428368,991443602428368,0,991443603449295,991443603450115,991443604616170,991443604699373,991443613539479,991443603444373,11111111,11111111,991443606691365,991443606906248,991443607080623,991443610382850,991443615740623,22461,1537930,991443615740623,991443612249842,991443624367498,991443610382850,
0,15036815,991443624650590,991443624650590,0,991443625618748,991443625620310,991443628582850,991443628703475,991443635761701,991443625612732,11111111,11111111,991443637496326,991443637676560,991443637931092,991443641728123,991443647424256,30469,1428399,991443647424256,991443643342771,991443657695896,991443641728123,
0,15036830,991443724487821,991443724487821,0,991443725294412,991443725296131,991443726654373,991443726771756,991443735598932,991443725287303,11111111,11111111,991443729515623,991443729794451,991443730028162,991443733513514,991443738910975,30312,1685156,991443738910975,991443735408670,991443746786404,991443733513514,
0,15036845,991443757821154,991443757821154,0,991443758638553,991443758639842,991443761749217,991443761906209,991443768932265,991443758632889,11111111,11111111,991443770048318,991443770168240,991443770338201,991443773516521,991443779287029,21406,1093555,991443779287029,991443774774842,991443791197498,991443773516521,
0,15036860,991443846589718,991443846589718,0,991443847521639,991443847522889,991443849095623,991443849215740,991443857700829,991443847514021,11111111,11111111,991443851714178,991443851973279,991443852323240,991443856579021,991443862254060,28437,826640,991443862254060,991443857603396,991443868553553,991443856579021,
0,15036875,991443879923051,991443879923051,0,991443881064490,991443881065857,991443883816678,991443883940818,991443891034162,991443881058826,11111111,11111111,991443893562771,991443893856678,991443894068982,991443895947381,991443902108709,19219,1424844,991443902108709,991443897554803,991443912955623,991443895947381,
0,15036890,991443980119735,991443980119735,0,991443981804646,991443981805896,991443983127498,991443983235818,991443991230846,991443981797615,11111111,11111111,991443986043514,991443986325271,991443986552850,991443990014803,991443995465193,28633,1822891,991443995465193,991443992163084,991444012952576,991443990014803,
0,15036905,991444013453068,991444013453068,0,991444014724998,991444014726053,991444017854529,991444017980428,991444024564179,991444014718357,11111111,11111111,991444026561482,991444026727693,991444026977146,991444030532068,991444036512576,28046,1085078,991444036512576,991444031788084,991444046255232,991444030532068,
0,15036920,991444101886884,991444101886884,0,991444102628592,991444102629568,991444104238787,991444104346131,991444112997995,991444102622654,11111111,11111111,991444106619373,991444107173201,991444107377303,991444110735896,991444116468084,22696,1119961,991444116468084,991444112184451,991444123794021,991444110735896,
0,15036935,991444135220217,991444135220217,0,991444136309529,991444136310584,991444139059412,991444139177420,991444146331328,991444136304060,11111111,11111111,991444148662810,991444148772185,991444148918514,991444150347537,991444156220545,13907,311680,991444156220545,991444150726404,991444168310623,991444150347537,
0,15036950,991444235174796,991444235174796,0,991444236568943,991444236569959,991444237987146,991444238094725,991444246285907,991444236562303,11111111,11111111,991444240671756,991444240939568,991444241170115,991444244551521,991444250191600,28633,1581406,991444250191600,991444246457810,991444256991131,991444244551521,
0,15036965,991444257397018,991444257397018,0,991444259075428,991444259076639,991444262715623,991444262853670,991444268508129,991444259069060,11111111,11111111,991444271500896,991444271684959,991444271949256,991444273908045,991444280047381,29609,311406,991444280047381,991444274296639,991444290401912,991444273908045,
0,15036980,991444357127352,991444357127352,0,991444358350896,991444358352264,991444359691560,991444359809100,991444368238463,991444358344178,11111111,11111111,991444362422303,991444362697615,991444362932537,991444367076053,991444372466560,28906,826094,991444372466560,991444368656639,991444390360467,991444367076053,
0,15036995,991444390460685,991444390460685,0,991444391736756,991444391737889,991444394854764,991444394977615,991444401571796,991444391730584,11111111,11111111,991444404721990,991444405126014,991444405321678,991444407247576,991444413858475,20234,1266171,991444413858475,991444408689998,991444423497459,991444407247576,
0,15037010,991444490324462,991444490324462,0,991444491663670,991444491664725,991444493241053,991444493360857,991444501435573,991444491657029,11111111,11111111,991444495777146,991444496231834,991444496454920,991444499643318,991444505122146,28789,2396367,991444505122146,991444502234803,991444512947732,991444499643318,
0,15037025,991444512546684,991444512546684,0,991444513970389,991444513971873,991444516891404,991444517014959,991444523657795,991444513964412,11111111,11111111,991444526424139,991444526664412,991444526880076,991444529552498,991444535284959,18828,1287461,991444535284959,991444531038826,991444545612693,991444529552498,
0,15037040,991444612582687,991444612582687,0,991444613824021,991444613825584,991444615175779,991444615288865,991444623693798,991444613817615,11111111,11111111,991444617933435,991444618205350,991444618430701,991444621894060,991444627288475,26836,1631524,991444627288475,991444623859568,991444634773670,991444621894060,
0,15037055,991444645916020,991444645916020,0,991444646901326,991444646902850,991444649854764,991444649973084,991444657027131,991444646895818,11111111,11111111,991444658687068,991444658882420,991444659145584,991444662682146,991444668407264,28672,1250000,991444668407264,991444664231170,991444678774100,991444662682146,
0,15037070,991444735169952,991444735169952,0,991444736250076,991444736251600,991444737607420,991444737727771,991444746281063,991444736243709,11111111,11111111,991444740492029,991444740769803,991444740996795,991444745011482,991444750593396,29727,797500,991444750593396,991444746002654,991444756545154,991444745011482,
0,15037085,991444768503285,991444768503285,0,991444769434178,991444769435389,991444772205975,991444772331248,991444779614396,991444769430232,11111111,11111111,991444781441209,991444781808865,991444782101678,991444783644178,991444789704021,21094,452930,991444789704021,991444784241678,991444800873787,991444783644178,
0,15037100,991444868107001,991444868107001,0,991444868963709,991444868965076,991444870353084,991444870464803,991444879218112,991444868956951,11111111,11111111,991444873129373,991444873363904,991444873597889,991444877771014,991444883161834,26211,727070,991444883161834,991444878693748,991444889704568,991444877771014,
0,15037115,991444890329223,991444890329223,0,991444893104764,991444893105818,991444896337185,991444896468748,991444901440334,991444893100701,11111111,11111111,991444902511404,991444902611014,991444902765271,991444905972225,991444911810428,21875,642813,991444911810428,991444906772459,991444922952654,991444905972225,
0,15037130,991444989878485,991444989878485,0,991444990862889,991444990864021,991444992397576,991444992511912,991445000989596,991444990856834,11111111,11111111,991444995042146,991444995700545,991444995943318,991444999310271,991445004662107,27226,1798867,991445004662107,991445001320310,991445011737967,991444999310271,
0,15037145,991445023211818,991445023211818,0,991445024302771,991445024304060,991445027083318,991445027202693,991445034322929,991445024295779,11111111,11111111,991445036570271,991445036752615,991445036945818,991445038805271,991445044734920,20078,519882,991445044734920,991445039495154,991445056556834,991445038805271,
0,15037160,991445123037899,991445123037899,0,991445123937225,991445123938553,991445125550623,991445125671326,991445134149010,991445123930154,11111111,11111111,991445128418670,991445128678357,991445128918748,991445132283631,991445138018670,27734,1563438,991445138018670,991445134054256,991445144982850,991445132283631,
0,15037175,991445156371232,991445156371232,0,991445157184881,991445157186443,991445159953631,991445160264217,991445167482343,991445157178084,11111111,11111111,991445169376287,991445169490857,991445169647771,991445172841873,991445178585935,21407,1180351,991445178585935,991445174183279,991445189352342,991445172841873,
0,15037190,991445245071298,991445245071298,0,991445245969021,991445245970740,991445247288318,991445247411404,991445256182409,991445245961912,11111111,11111111,991445250068709,991445250335428,991445250566873,991445254651834,991445259389568,27461,1720352,991445259389568,991445256574139,991445267051521,991445254651834,
0,15037205,991445278404631,991445278404631,0,991445279363514,991445279365076,991445282413709,991445282537459,991445289515742,991445279356873,11111111,11111111,991445290243357,991445290352225,991445290517654,991445293688592,991445299510623,21094,647305,991445299510623,991445294493201,991445311422615,991445293688592,
0,15037220,991445378316181,991445378316181,0,991445379613396,991445379614842,991445381220896,991445381338475,991445389427292,991445379606053,11111111,11111111,991445383793943,991445384177029,991445384412498,991445388585818,991445393862303,27852,734727,991445393862303,991445390003904,991445411333514,991445388585818,
0,15037235,991445400538403,991445400538403,0,991445402005623,991445402006795,991445404937615,991445405072029,991445411649514,991445401999412,11111111,11111111,991445413501209,991445413618826,991445413762576,991445417071951,991445422868943,18594,609766,991445422868943,991445417831404,991445433542225,991445417071951,
0,15037250,991445500384852,991445500384852,0,991445501235584,991445501237303,991445502673045,991445502789685,991445511495963,991445501228748,11111111,11111111,991445505531678,991445505805389,991445506042771,991445509443787,991445514861990,26640,1646601,991445514861990,991445511297107,991445522436912,991445509443787,
0,15037265,991445533718185,991445533718185,0,991445534712029,991445534713865,991445537701990,991445537825193,991445544829296,991445534705896,11111111,11111111,991445546498201,991445546697264,991445546973631,991445550713670,991445556529725,30390,764141,991445556529725,991445551663084,991445566716678,991445550713670,
0,15037280,991445622444623,991445622444623,0,991445623284920,991445623286287,991445625075467,991445625199021,991445633555734,991445623278787,11111111,11111111,991445627829139,991445628603084,991445629063084,991445636510193,991445641446951,52461,1298984,991445641446951,991445638160389,991445655519881,991445636510193,
0,15037295,991445655777956,991445655777956,0,991445656768943,991445656770232,991445659495545,991445659618748,991445666889067,991445656762693,11111111,11111111,991445669136560,991445669880350,991445670482303,991445679250740,991445684597264,51484,1115039,991445684597264,991445680529959,991445699882967,991445679250740,
0,15037310,991445755770243,991445755770243,0,991445757082420,991445757083396,991445758388787,991445758506912,991445766881354,991445757076287,11111111,11111111,991445761629568,991445761901756,991445762132342,991445765566521,991445770960428,29023,2086407,991445770960428,991445767863162,991445777464646,991445765566521,
0,15037325,991445789103576,991445789103576,0,991445790398045,991445790399373,991445793314295,991445793439256,991445800214687,991445790390857,11111111,11111111,991445801763084,991445801871951,991445802024959,991445805180740,991445810869646,22031,1135820,991445810869646,991445806477264,991445821941639,991445805180740,
0,15037340,991445877742101,991445877742101,0,991445878678904,991445878680389,991445880174529,991445880280896,991445888853212,991445878672693,11111111,11111111,991445882744842,991445883017420,991445883254803,991445887342693,991445892770662,27343,944610,991445892770662,991445888491951,991445899721560,991445887342693,
0,15037355,991445911075434,991445911075434,0,991445912191404,991445912193045,991445914953201,991445915071717,991445922186545,991445912185271,11111111,11111111,991445924191170,991445924378553,991445924567146,991445926454451,991445932644959,20195,506015,991445932644959,991445927104295,991445944205975,991445926454451,
0,15037370,991446010994075,991446010994075,0,991446011841287,991446011842459,991446013548553,991446013664646,991446022105186,991446011834920,11111111,11111111,991446016297068,991446016465506,991446016892537,991446024742185,991446029821053,51680,1150391,991446029821053,991446026141795,991446043977068,991446024742185,
0,15037385,991446033216297,991446033216297,0,991446036400545,991446036401443,991446040134178,991446040267264,991446044327408,991446036395467,11111111,11111111,991446046529529,991446046629881,991446046787381,991446049888592,991446055820271,20273,502344,991446055820271,991446050550428,991446066398709,991446049888592,
0,15037400,991446133054891,991446133054891,0,991446134337303,991446134338904,991446135694490,991446135810896,991446144166002,991446134330115,11111111,11111111,991446138401326,991446138675935,991446138918279,991446142328240,991446147894920,28554,1551054,991446147894920,991446144280193,991446155024959,991446142328240,
0,15037415,991446166388224,991446166388224,0,991446167384490,991446167386209,991446170344295,991446170472889,991446177499335,991446167377615,11111111,11111111,991446178398514,991446178733357,991446178975350,991446182093240,991446188028553,22109,1086484,991446188028553,991446183344920,991446199385701,991446182093240,
0,15037430,991446266199288,991446266199288,0,991446267069373,991446267070428,991446268558592,991446268679881,991446277310399,991446267062537,11111111,11111111,991446271246404,991446271503201,991446271740740,991446275150115,991446280572225,28984,1717070,991446280572225,991446277073357,991446288635389,991446275150115,
0,15037445,991446288421510,991446288421510,0,991446290122068,991446290122732,991446293722225,991446293858670,991446299532621,991446290116560,11111111,11111111,991446301992107,991446302090193,991446302253670,991446305349490,991446311173006,21875,526250,991446311173006,991446306030467,991446321472889,991446305349490,
0,15037460,991446388358290,991446388358290,0,991446390085896,991446390087732,991446391467928,991446391586912,991446399469401,991446390079334,11111111,11111111,991446394186482,991446394833475,991446395078435,991446398543201,991446404295232,29141,2561875,991446404295232,991446401344451,991446421401053,991446398543201,
0,15037475,991446421691623,991446421691623,0,991446422625271,991446422626756,991446425614842,991446425738670,991446432802734,991446422619764,11111111,11111111,991446433943865,991446434068475,991446434198592,991446437000545,991446442770506,14375,1136757,991446442770506,991446438312459,991446454683982,991446437000545,
0,15037490,991446510857609,991446510857609,0,991446512503123,991446512504646,991446513951014,991446514070935,991446521968720,991446512496912,11111111,11111111,991446516755740,991446517002850,991446517246053,991446521591248,991446526973162,28906,2055977,991446526973162,991446523849529,991446543483162,991446521591248,
0,15037505,991446544190942,991446544190942,0,991446545151287,991446545152693,991446547903826,991446548144803,991446555302053,991446545144725,11111111,11111111,991446557482107,991446557672459,991446557941756,991446561675584,991446567506365,29805,636328,991446567506365,991446562489764,991446576761053,991446561675584,
0,15037520,991446643623273,991446643623273,0,991446644602185,991446644603318,991446646016053,991446646133670,991446654734384,991446644595740,11111111,11111111,991446648857264,991446649115857,991446649348865,991446652723162,991446658612537,30429,1535625,991446658612537,991446654456912,991446665570310,991446652723162,
0,15037535,991446676956606,991446676956606,0,991446678256951,991446678258045,991446681137537,991446681261560,991446688067717,991446678250896,11111111,11111111,991446690244842,991446691025896,991446691693982,991446699054373,991446704762225,55352,1424843,991446704762225,991446700745389,991446721013631,991446699054373,
0,15037550,991446776816493,991446776816493,0,991446778107967,991446778109334,991446779459334,991446779578787,991446787927604,991446778101365,11111111,11111111,991446782661639,991446783314529,991446783552537,991446786968748,991446792669060,29609,1573516,991446792669060,991446788761365,991446809883396,991446786968748,
0,15037565,991446799038715,991446799038715,0,991446801478553,991446801479842,991446805262459,991446805391560,991446810149826,991446801472771,11111111,11111111,991446813653084,991446813769451,991446813931717,991446817097029,991446822866756,21875,1153164,991446822866756,991446818411756,991446832197693,991446817097029,
0,15037580,991446898903641,991446898903641,0,991446900702107,991446900703201,991446902104139,991446902208943,991446910014752,991446900694803,11111111,11111111,991446904872498,991446905136404,991446905372420,991446909435975,991446914811092,27461,1532617,991446914811092,991446911166014,991446931945154,991446909435975,
0,15037595,991446932236974,991446932236974,0,991446933534217,991446933535779,991446936492029,991446936612381,991446943348085,991446933528045,11111111,11111111,991446945457342,991446945736912,991446945872928,991446948687146,991446954453006,14180,1182343,991446954453006,991446950030857,991446965234959,991446948687146,
0,15037610,991447020994505,991447020994505,0,991447021947732,991447021949139,991447023245467,991447023359412,991447032105616,991447021941248,11111111,11111111,991447025946248,991447026205818,991447026435584,991447030511990,991447035203475,29726,719766,991447035203475,991447031442420,991447042967029,991447030511990,
0,15037625,991447054327838,991447054327838,0,991447055282850,991447055283943,991447058270232,991447058395662,991447065438949,991447055276131,11111111,11111111,991447065952381,991447066061990,991447066199334,991447067642459,991447073814920,14961,408672,991447073814920,991447068183084,991447087356678,991447067642459,
0,15037640,991447154167374,991447154167374,0,991447154995857,991447154997146,991447156544725,991447156664959,991447165278485,991447154989451,11111111,11111111,991447159095857,991447159377029,991447159611365,991447163109139,991447168714764,30039,1717656,991447168714764,991447165034295,991447176285975,991447163109139,
0,15037655,991447176389596,991447176389596,0,991447179032303,991447179033475,991447182017576,991447182142967,991447187500707,991447179026170,11111111,11111111,991447190036287,991447190687303,991447191300818,991447199095467,991447204867342,51758,1435313,991447204867342,991447200739295,991447220875350,991447199095467,
0,15037670,991447276300360,991447276300360,0,991447277259412,991447277261092,991447278550623,991447278665701,991447287411471,991447277252967,11111111,11111111,991447281723748,991447281983787,991447282210662,991447285655623,991447291055975,28672,1517031,991447291055975,991447287383943,991447298256560,991447285655623,
0,15037685,991447309633693,991447309633693,0,991447310617889,991447310619529,991447313626717,991447313749920,991447320744804,991447310611717,11111111,11111111,991447321957381,991447322070389,991447322226404,991447325310506,991447331118084,20781,1163672,991447331118084,991447326630506,991447342632654,991447325310506,
0,15037700,991447409619306,991447409619306,0,991447410493123,991447410494021,991447411861443,991447411967615,991447420730417,991447410486482,11111111,11111111,991447414602225,991447414852225,991447415080467,991447419201600,991447424700623,26992,1027109,991447424700623,991447420424998,991447431434412,991447419201600,
0,15037715,991447431841528,991447431841528,0,991447433168904,991447433169842,991447435872967,991447435996326,991447442952639,991447433161912,11111111,11111111,991447443779607,991447443991990,991447444376639,991447447712029,991447453544881,28476,712891,991447453544881,991447448595350,991447464874334,991447447712029,
0,15037730,991447531589891,991447531589891,0,991447532617107,991447532618709,991447534004764,991447534124568,991447542701002,991447532610193,11111111,11111111,991447536661795,991447537332303,991447537581092,991447541102732,991447546536170,27696,2197461,991447546536170,991447543526014,991447553575154,991447541102732,
0,15037745,991447564923224,991447564923224,0,991447565921287,991447565922732,991447568770428,991447568890506,991447576034335,991447565914842,11111111,11111111,991447577422576,991447577597342,991447577852381,991447581446053,991447587207029,25429,672500,991447587207029,991447582313982,991447597924451,991447581446053,
0,15037760,991447664767743,991447664767743,0,991447665615740,991447665616795,991447666960271,991447667076014,991447675878854,991447665608982,11111111,11111111,991447669667967,991447669940506,991447670158904,991447673535662,991447678956014,27343,1600391,991447678956014,991447675340115,991447687077146,991447673535662,
0,15037775,991447686989965,991447686989965,0,991447688384529,991447688385662,991447691076834,991447691195623,991447698101076,991447688380232,11111111,11111111,991447700997264,991447701102303,991447701277381,991447704421717,991447710199021,20859,1115196,991447710199021,991447705700818,991447720005506,991447704421717,
0,15037790,991447786908485,991447786908485,0,991447788815779,991447788817381,991447790248826,991447790357654,991447798019596,991447788809881,11111111,11111111,991447792945389,991447793223943,991447793454725,991447796897928,991447802730271,27187,1602461,991447802730271,991447798704490,991447819878318,991447796897928,
0,15037805,991447820241818,991447820241818,0,991447820884178,991447820885310,991447822555779,991447822635935,991447831352929,991447820879803,11111111,11111111,991447827070701,991447827427810,991447827603435,991447829406326,991447835445310,19765,312774,991447835445310,991447829803826,991447842146678,991447829406326,
0,15037820,991447909299366,991447909299366,0,991447911594803,991447911596209,991447913288475,991447913383748,991447920410477,991447911586873,11111111,11111111,991447915875037,991447916115350,991447916313240,991447918785818,991447924205935,25117,1103281,991447924205935,991447920128357,991447930769881,991447918785818,
0,15037835,991447942632699,991447942632699,0,991447943574920,991447943576795,991447946565271,991447946689139,991447953743810,991447943568084,11111111,11111111,991447956407928,991447956596639,991447956727381,991447958176365,991447964290350,13945,692696,991447964290350,991447959020389,991447975283240,991447958176365,
0,15037850,991448042100538,991448042100538,0,991448043317029,991448043318475,991448044759881,991448044878045,991448053211649,991448043311248,11111111,11111111,991448047476131,991448048305584,991448048521560,991448051763514,991448057206717,28281,1804922,991448057206717,991448053773670,991448064212771,991448051763514,
0,15037865,991448064322760,991448064322760,0,991448066696717,991448066698357,991448069960193,991448070096678,991448075433871,991448066689334,11111111,11111111,991448078794685,991448079036170,991448079244412,991448082600896,991448088343045,19140,737305,991448088343045,991448083526209,991448097379529,991448082600896,
0,15037880,991448164103212,991448164103212,0,991448164924725,991448164926443,991448166301248,991448166420740,991448175214323,991448164918357,11111111,11111111,991448169173475,991448169430037,991448169658279,991448173186521,991448178566639,27969,1571679,991448178566639,991448174967654,991448186297303,991448173186521,
0,15037895,991448197436545,991448197436545,0,991448198424256,991448198425350,991448201496131,991448201612498,991448208547656,991448198417693,11111111,11111111,991448209957107,991448210071678,991448210234803,991448213339060,991448219162810,20937,1069922,991448219162810,991448214573475,991448230934842,991448213339060,
0,15037910,991448297546102,991448297546102,0,991448299584178,991448299585232,991448301061209,991448301179725,991448308657213,991448299576912,11111111,11111111,991448303567420,991448303852146,991448304231639,991448307487459,991448312950350,28125,2190039,991448312950350,991448309892810,991448330860428,991448307487459,
0,15037925,991448319768324,991448319768324,0,991448321565545,991448321566756,991448325198982,991448325337068,991448330879435,991448321559568,11111111,11111111,991448334029920,991448334336326,991448334577342,991448337660701,991448343435662,20664,534492,991448343435662,991448338346795,991448352703357,991448337660701,
0,15037940,991448419630634,991448419630634,0,991448420857810,991448420859529,991448422237068,991448422359568,991448430741745,991448420851287,11111111,11111111,991448425026756,991448425288396,991448425516443,991448428922185,991448434370115,29257,1584492,991448434370115,991448430718123,991448452573631,991448428922185,
0,15037955,991448452963967,991448452963967,0,991448454243318,991448454244685,991448457156170,991448457267693,991448464075078,991448454236873,11111111,11111111,991448465559529,991448465661092,991448465785428,991448468938709,991448474729803,21797,1103125,991448474729803,991448470204451,991448485824764,991448468938709,
0,15037970,991448541971537,991448541971537,0,991448543377459,991448543378826,991448544897810,991448545015193,991448553082648,991448543371170,11111111,11111111,991448547491756,991448547761092,991448547992889,991448552272459,991448558037029,126289,1792500,991448558037029,991448554350076,991448575065506,991448552272459,
0,15037985,991448575304870,991448575304870,0,991448576421873,991448576422928,991448579132732,991448579286170,991448586415981,991448576415857,11111111,11111111,991448588735623,991448589305271,991448589668865,991448591670623,991448597849373,27734,1602617,991448597849373,991448593511639,991448607940779,991448591670623,
0,15038000,991448674795851,991448674795851,0,991448676181795,991448676183279,991448677474373,991448677594568,991448685906962,991448676175076,11111111,11111111,991448680384100,991448681023396,991448681263748,991448684644764,991448690258553,25585,1725390,991448690258553,991448686576990,991448696754725,991448684644764,
0,15038015,991448708129184,991448708129184,0,991448709493279,991448709494568,991448712298357,991448712421560,991448719240295,991448709487342,11111111,11111111,991448721422264,991448721535779,991448721713475,991448724854959,991448730891795,21093,1110000,991448730891795,991448726126053,991448741132342,991448724854959,
0,15038030,991448797287726,991448797287726,0,991448798201365,991448798202381,991448799520037,991448799641834,991448808398837,991448798195662,11111111,11111111,991448802339060,991448802603904,991448802838475,991448806917576,991448812746404,30664,1433828,991448812746404,991448809113748,991448819206287,991448806917576,
0,15038045,991448830621059,991448830621059,0,991448831630662,991448831632185,991448834560271,991448834684607,991448841732170,991448831624685,11111111,11111111,991448844876678,991448845367342,991448845731521,991448849495154,991448855307810,28008,1425938,991448855307810,991448851120662,991448863203787,991448849495154,
0,15038060,991448930088056,991448930088056,0,991448931766404,991448931768240,991448933279998,991448933394451,991448941199167,991448931759451,11111111,11111111,991448935921717,991448936168592,991448936403240,991448940653514,991448946018787,28985,1585898,991448946018787,991448942438670,991448963113826,991448940653514,
0,15038075,991448952310278,991448952310278,0,991448955662928,991448955664295,991448958878943,991448959025310,991448963421389,991448955655975,11111111,11111111,991448966707264,991448966905975,991448967165662,991448969563904,991448975405037,24843,336250,991448975405037,991448969969256,991448985204725,991448969563904,
0,15038090,991449052539618,991449052539618,0,991449053356912,991449053358279,991449054715662,991449054827225,991449063650729,991449053350193,11111111,11111111,991449057595584,991449057860779,991449058090350,991449061571326,991449066959178,28828,1551250,991449066959178,991449063344139,991449074244334,991449061571326,
0,15038105,991449085872951,991449085872951,0,991449086884881,991449086886248,991449089914060,991449090032146,991449096984062,991449086878045,11111111,11111111,991449098982303,991449099196404,991449099462732,991449103001131,991449108814139,29922,1350469,991449108814139,991449104521639,991449118894685,991449103001131,
0,15038120,991449185336046,991449185336046,0,991449186235467,991449186236756,991449187630896,991449187752732,991449196447157,991449186229100,11111111,11111111,991449190433553,991449190702185,991449190934451,991449194637732,991449200386600,29649,1585938,991449200386600,991449196428670,991449207314490,991449194637732,
0,15038135,991449207558268,991449207558268,0,991449209044490,991449209045623,991449211737732,991449211857928,991449218669379,991449209038865,11111111,11111111,991449219564646,991449219749998,991449219952264,991449222660662,991449228666600,21641,619219,991449228666600,991449223446873,991449240591873,991449222660662,
0,15038150,991449307577665,991449307577665,0,991449309216834,991449309217732,991449310593826,991449310704334,991449318688776,991449309210506,11111111,11111111,991449313439451,991449313694568,991449313921209,991449317264998,991449322726521,26250,2024883,991449322726521,991449319495271,991449329381560,991449317264998,
0,15038165,991449340910998,991449340910998,0,991449342658631,991449342660154,991449346138670,991449346260115,991449352022109,991449342651834,11111111,11111111,991449354572146,991449354753279,991449355009646,991449358555428,991449364659412,28515,1245546,991449364659412,991449359975935,991449373765935,991449358555428,
0,15038180,991449429536710,991449429536710,0,991449430484373,991449430486014,991449431850037,991449431968357,991449440647821,991449430478045,11111111,11111111,991449434493084,991449434754529,991449434981873,991449438493475,991449444268435,29609,1638242,991449444268435,991449440341365,991449451655506,991449438493475,
0,15038195,991449462870043,991449462870043,0,991449463881209,991449463882732,991449466861482,991449466980857,991449473981154,991449463875701,11111111,11111111,991449476879021,991449477012693,991449477230740,991449480273435,991449486300779,21485,1145937,991449486300779,991449481586521,991449495888201,991449480273435,
0,15038210,991449562714891,991449562714891,0,991449564597303,991449564598592,991449565962420,991449566080193,991449573826002,991449564590350,11111111,11111111,991449568688709,991449568950193,991449569187850,991449572585350,991449578022225,29570,1672968,991449578022225,991449574466756,991449584746795,991449572585350,
0,15038225,991449596048224,991449596048224,0,991449597426834,991449597428084,991449600278748,991449600415623,991449607159335,991449597421131,11111111,11111111,991449609618475,991449609813084,991449610080037,991449613920115,991449619793201,30039,1421055,991449619793201,991449615524217,991449629233318,991449613920115,
0,15038240,991449684988837,991449684988837,0,991449686713787,991449686715193,991449688199021,991449688311873,991449696099948,991449686706404,11111111,11111111,991449690830350,991449691094373,991449691332498,991449695502850,991449700456131,27305,2188907,991449700456131,991449697891873,991449717977537,991449695502850,
0,15038255,991449718322170,991449718322170,0,991449719741795,991449719743318,991449722776209,991449722901131,991449729433281,991449719735076,11111111,11111111,991449732752264,991449733150818,991449733346717,991449736409881,991449742445232,20938,1171289,991449742445232,991449737747771,991449751151482,991449736409881,
0,15038270,991449818080126,991449818080126,0,991449819345271,991449819346678,991449821245740,991449821359959,991449829191237,991449819338865,11111111,11111111,991449823921170,991449824567225,991449824813435,991449827998045,991449833480428,26875,750860,991449833480428,991449829070232,991449851052576,991449827998045,
0,15038285,991449840302348,991449840302348,0,991449843786795,991449843787967,991449847018162,991449847163123,991449851413459,991449843779725,11111111,11111111,991449855384451,991449855575584,991449855839998,991449857716326,991449863796912,29297,364570,991449863796912,991449858150818,991449873232889,991449857716326,
0,15038300,991449940199757,991449940199757,0,991449941478396,991449941479568,991449942829803,991449942948435,991449951310868,991449941471834,11111111,11111111,991449945762420,991449946425779,991449946664725,991449950012264,991449955426717,29023,1788672,991449955426717,991449952002615,991442347916053,991449950012264,
0,15038315,991449973533090,991449973533090,0,991449974515467,991449974517303,991449977446287,991449977564803,991449984644201,991449974508787,11111111,11111111,991449985962967,991449986071521,991449986219685,991449989377146,991449995692498,21289,1059297,991449995692498,991449990600975,991442392381873,991449989377146,
0,15038330,991450062163685,991450062163685,0,991450063043435,991450063044451,991450064780506,991450064906248,991450073274796,991450063037146,11111111,11111111,991450067539139,991450067804568,991450068116990,991450071747107,991450077091756,28164,954023,991450077091756,991450072900857,991442481145506,991450071747107,
0,15038345,991450095497018,991450095497018,0,991450096561560,991450096563240,991450099207225,991450099333592,991450106608129,991450096554685,11111111,11111111,991450107906717,991450108100506,991450108350857,991450110427107,991450116316873,27383,402071,991450116316873,991450110960037,991442514380467,991450110427107,
0,15038360,991450195513485,991450195513485,0,991450196205545,991450196206248,991450196893943,991450196962654,991450206624596,991450196200701,11111111,11111111,991450198116014,991450198417264,991450198515271,991450199853670,991450205535467,15508,466328,991450205535467,991450200412928,991442603197615,991450199853670,
0,15038375,991450217735707,991450217735707,0,991450219021951,991450219022732,991450220751170,991450220815584,991450228846818,991450219018279,11111111,11111111,991450224806326,991450224890740,991450225060154,991450227108826,991450233164490,18281,300391,991450233164490,991450227480350,991442647616170,991450227108826,
---PROFILEDATA---


View hierarchy:

  dev.intervaltablet.benchmark/dev.intervaltablet.MainActivity/android.view.ViewRootImpl@431a814
  16 views, 25,48 kB of render nodes


Total ViewRootImpl   : 1
Total attached Views : 16
Total RenderNode     : 25,48 kB (used) / 57,69 kB (capacity)

  ProcessConfig={1.0 ?mcc0mnc [fr_FR] ldltr sw900dp w1440dp h900dp 320dpi xlrg compactNeeded hdr widecg land finger -keyb/v/h -nav/h winConfig={ mBounds=Rect(0, 0 - 2880, 1800) mAppBounds=Rect(0, 0 - 2880, 1800) mMaxBounds=Rect(0, 0 - 2880, 1800) mDisplayRotation=ROTATION_90 mWindowingMode=fullscreen mActivityType=undefined mAlwaysOnTop=undefined mRotation=ROTATION_90 mStageConfig=undefined mEmbedActivityMode=undefined mPopOver=off mOverlappingWithCutout=false} s.2648 fontWeightAdjustment=0 ff=0 bf=-1 bts=0 cst=1.0 nightDim=-1 themeSeq=0}
  Application ResourcesConfig={1.0 ?mcc0mnc [fr_FR] ldltr sw900dp w1440dp h900dp 320dpi xlrg compactNeeded hdr widecg land finger -keyb/v/h -nav/h winConfig={ mBounds=Rect(0, 0 - 2880, 1800) mAppBounds=Rect(0, 0 - 2880, 1800) mMaxBounds=Rect(0, 0 - 2880, 1800) mDisplayRotation=ROTATION_90 mWindowingMode=fullscreen mActivityType=undefined mAlwaysOnTop=undefined mRotation=ROTATION_90 mStageConfig=undefined mEmbedActivityMode=undefined mPopOver=off mOverlappingWithCutout=false} s.2648 fontWeightAdjustment=0 ff=0 bf=-1 bts=0 cst=1.0 nightDim=-1 themeSeq=0}
