Applications Graphics Acceleration Info:
Uptime: 991374328 Realtime: 1021052198

** Graphics info for pid 18708 [dev.intervaltablet.benchmark] **

Stats since: 991344198492850ns
Total frames rendered: 474
Janky frames: 471 (99.37%)
Janky frames (legacy): 324 (68.35%)
50th percentile: 18ms
90th percentile: 23ms
95th percentile: 23ms
99th percentile: 27ms
Number Missed Vsync: 0
Number High input latency: 0
Number Slow UI thread: 299
Number Slow bitmap uploads: 0
Number Slow issue draw commands: 394
Number Frame deadline missed: 471
Number Frame deadline missed (legacy): 324
HISTOGRAM: 5ms=0 6ms=0 7ms=0 8ms=0 9ms=1 10ms=2 11ms=2 12ms=6 13ms=11 14ms=89 15ms=89 16ms=34 17ms=2 18ms=10 19ms=16 20ms=20 21ms=59 22ms=77 23ms=34 24ms=13 25ms=3 26ms=1 27ms=3 28ms=2 29ms=0 30ms=0 31ms=0 32ms=0 34ms=0 36ms=0 38ms=0 40ms=0 42ms=0 44ms=0 46ms=0 48ms=0 53ms=0 57ms=0 61ms=0 65ms=0 69ms=0 73ms=0 77ms=0 81ms=0 85ms=0 89ms=0 93ms=0 97ms=0 101ms=0 105ms=0 109ms=0 113ms=0 117ms=0 121ms=0 125ms=0 129ms=0 133ms=0 150ms=0 200ms=0 250ms=0 300ms=0 350ms=0 400ms=0 450ms=0 500ms=0 550ms=0 600ms=0 650ms=0 700ms=0 750ms=0 800ms=0 850ms=0 900ms=0 950ms=0 1000ms=0 1050ms=0 1100ms=0 1150ms=0 1200ms=0 1250ms=0 1300ms=0 1350ms=0 1400ms=0 1450ms=0 1500ms=0 1550ms=0 1600ms=0 1650ms=0 1700ms=0 1750ms=0 1800ms=0 1850ms=0 1900ms=0 1950ms=0 2000ms=0 2050ms=0 2100ms=0 2150ms=0 2200ms=0 2250ms=0 2300ms=0 2350ms=0 2400ms=0 2450ms=0 2500ms=0 2550ms=0 2600ms=0 2650ms=0 2700ms=0 2750ms=0 2800ms=0 2850ms=0 2900ms=0 2950ms=0 3000ms=0 3050ms=0 3100ms=0 3150ms=0 3200ms=0 3250ms=0 3300ms=0 3350ms=0 3400ms=0 3450ms=0 3500ms=0 3550ms=0 3600ms=0 3650ms=0 3700ms=0 3750ms=0 3800ms=0 3850ms=0 3900ms=0 3950ms=0 4000ms=0 4050ms=0 4100ms=0 4150ms=0 4200ms=0 4250ms=0 4300ms=0 4350ms=0 4400ms=0 4450ms=0 4500ms=0 4550ms=0 4600ms=0 4650ms=0 4700ms=0 4750ms=0 4800ms=0 4850ms=0 4900ms=0 4950ms=0
50th gpu percentile: 6ms
90th gpu percentile: 7ms
95th gpu percentile: 7ms
99th gpu percentile: 7ms
GPU HISTOGRAM: 1ms=0 2ms=0 3ms=0 4ms=0 5ms=15 6ms=282 7ms=177 8ms=0 9ms=0 10ms=0 11ms=0 12ms=0 13ms=0 14ms=0 15ms=0 16ms=0 17ms=0 18ms=0 19ms=0 20ms=0 21ms=0 22ms=0 23ms=0 24ms=0 25ms=0 4950ms=0

Pipeline=Skia (Vulkan)
Memory policy:
  Max surface area: 5184000
  Max resource usage: 248.83MB (x48)
  Background retention: 50% (altUiHidden = true)
  GPU Context timeout: 10
Contexts: 1 (stopped = 0)
CPU Caches:
  Glyph Cache: 148.50 KB (1 entry)
  Glyph Count: 45 
Total CPU memory usage:
  152067 bytes, 148.50 KB (0.00 bytes is purgeable)
GPU Caches:
  Other:
    TextBlobCache: 57.34 KB (1 entry)
  Image:
    Texture: 64.00 bytes (1 entry)
  Scratch:
    Texture: 2.00 MB (1 entry)
    Buffer Object: 334.38 KB (12 entries)
    Attachment: 0.00 bytes (2 entries)
Total GPU memory usage:
  2498328 bytes, 2.38 MB (128.19 KB is purgeable)

GraphicBufferAllocator buffers:
            Handle |         Size |     W (Stride) x H | Layers |   Format |      Usage | Requestor
0xb4000079de472710 |      unknown | 1800 (   0) x 2880 |      1 |        1 | 0x     b00 | VRI[MainActivity]@4f3dc3c#0(BLAST Consumer)0
0xb4000079de477850 |      unknown | 1800 (   0) x 2880 |      1 |        1 | 0x     b00 | VRI[MainActivity]@4f3dc3c#0(BLAST Consumer)0
0xb4000079de477e90 |      unknown | 1800 (   0) x 2880 |      1 |        1 | 0x     b00 | VRI[MainActivity]@4f3dc3c#0(BLAST Consumer)0
0xb4000079de478e30 |      unknown | 1800 (   0) x 2880 |      1 |        1 | 0x     b00 | VRI[MainActivity]@4f3dc3c#0(BLAST Consumer)0
Total allocated by GraphicBufferAllocator (estimate): 0.00 KB
Imported gralloc buffers:
+ name:VRI[MainActivity]@4f3dc3c#0(BLAST Consumer)0, id:20569663532559279, size:20616.50KiB, w/h:1800x2880, usage: 0xb00, req fmt:1, fourcc/mod:875708993/0, dataspace: 0x8810000, compressed: false
+ name:VRI[MainActivity]@4f3dc3c#0(BLAST Consumer)0, id:20569663532559280, size:20616.50KiB, w/h:1800x2880, usage: 0xb00, req fmt:1, fourcc/mod:875708993/0, dataspace: 0x8810000, compressed: false
+ name:VRI[MainActivity]@4f3dc3c#0(BLAST Consumer)0, id:20569663532559278, size:20616.50KiB, w/h:1800x2880, usage: 0xb00, req fmt:1, fourcc/mod:875708993/0, dataspace: 0x8810000, compressed: false
+ name:VRI[MainActivity]@4f3dc3c#0(BLAST Consumer)0, id:20569663532559277, size:20616.50KiB, w/h:1800x2880, usage: 0xb00, req fmt:1, fourcc/mod:875708993/0, dataspace: 0x8810000, compressed: false
Total imported by gralloc: 82466.00KiB

Profile data in ms:

	dev.intervaltablet.benchmark/dev.intervaltablet.MainActivity/android.view.ViewRootImpl@431a814 (visibility=0)
Window: dev.intervaltablet.benchmark/dev.intervaltablet.MainActivity
Stats since: 991344198492732ns
Total frames rendered: 474
Janky frames: 471 (99.37%)
Janky frames (legacy): 324 (68.35%)
50th percentile: 18ms
90th percentile: 23ms
95th percentile: 23ms
99th percentile: 27ms
Number Missed Vsync: 0
Number High input latency: 0
Number Slow UI thread: 299
Number Slow bitmap uploads: 0
Number Slow issue draw commands: 394
Number Frame deadline missed: 471
Number Frame deadline missed (legacy): 324
HISTOGRAM: 5ms=0 6ms=0 7ms=0 8ms=0 9ms=1 10ms=2 11ms=2 12ms=6 13ms=11 14ms=89 15ms=89 16ms=34 17ms=2 18ms=10 19ms=16 20ms=20 21ms=59 22ms=77 23ms=34 24ms=13 25ms=3 26ms=1 27ms=3 28ms=2 29ms=0 30ms=0 31ms=0 32ms=0 34ms=0 36ms=0 38ms=0 40ms=0 42ms=0 44ms=0 46ms=0 48ms=0 53ms=0 57ms=0 61ms=0 65ms=0 69ms=0 73ms=0 77ms=0 81ms=0 85ms=0 89ms=0 93ms=0 97ms=0 101ms=0 105ms=0 109ms=0 113ms=0 117ms=0 121ms=0 125ms=0 129ms=0 133ms=0 150ms=0 200ms=0 250ms=0 300ms=0 350ms=0 400ms=0 450ms=0 500ms=0 550ms=0 600ms=0 650ms=0 700ms=0 750ms=0 800ms=0 850ms=0 900ms=0 950ms=0 1000ms=0 1050ms=0 1100ms=0 1150ms=0 1200ms=0 1250ms=0 1300ms=0 1350ms=0 1400ms=0 1450ms=0 1500ms=0 1550ms=0 1600ms=0 1650ms=0 1700ms=0 1750ms=0 1800ms=0 1850ms=0 1900ms=0 1950ms=0 2000ms=0 2050ms=0 2100ms=0 2150ms=0 2200ms=0 2250ms=0 2300ms=0 2350ms=0 2400ms=0 2450ms=0 2500ms=0 2550ms=0 2600ms=0 2650ms=0 2700ms=0 2750ms=0 2800ms=0 2850ms=0 2900ms=0 2950ms=0 3000ms=0 3050ms=0 3100ms=0 3150ms=0 3200ms=0 3250ms=0 3300ms=0 3350ms=0 3400ms=0 3450ms=0 3500ms=0 3550ms=0 3600ms=0 3650ms=0 3700ms=0 3750ms=0 3800ms=0 3850ms=0 3900ms=0 3950ms=0 4000ms=0 4050ms=0 4100ms=0 4150ms=0 4200ms=0 4250ms=0 4300ms=0 4350ms=0 4400ms=0 4450ms=0 4500ms=0 4550ms=0 4600ms=0 4650ms=0 4700ms=0 4750ms=0 4800ms=0 4850ms=0 4900ms=0 4950ms=0
50th gpu percentile: 6ms
90th gpu percentile: 7ms
95th gpu percentile: 7ms
99th gpu percentile: 7ms
GPU HISTOGRAM: 1ms=0 2ms=0 3ms=0 4ms=0 5ms=15 6ms=282 7ms=177 8ms=0 9ms=0 10ms=0 11ms=0 12ms=0 13ms=0 14ms=0 15ms=0 16ms=0 17ms=0 18ms=0 19ms=0 20ms=0 21ms=0 22ms=0 23ms=0 24ms=0 25ms=0 4950ms=0



---PROFILEDATA---
Flags,FrameTimelineVsyncId,IntendedVsync,Vsync,InputEventId,HandleInputStart,AnimationStart,PerformTraversalsStart,DrawStart,FrameDeadline,FrameStartTime,FrameInterval,WorkloadTarget,SyncQueued,SyncStart,IssueDrawCommandsStart,SwapBuffers,FrameCompleted,DequeueBufferDuration,QueueBufferDuration,GpuCompleted,SwapBuffersCompleted,DisplayPresentTime,CommandSubmissionCompleted,
0,15017453,991366728988542,991366728988542,0,991366729926326,991366729927420,991366732844725,991366732964881,991366740099653,991366729922537,11111111,11111111,991366741669217,991366741789334,991366741958943,991366745138396,991366751226482,21797,506914,991366751226482,991366745798123,991366761514725,991366745138396,
0,15017468,991366828918056,991366828918056,0,991366830244021,991366830245350,991366831664490,991366831790232,991366840029167,991366830237185,11111111,11111111,991366834328123,991366834762225,991366834992850,991366838387850,991366843888709,25468,1555469,991366843888709,991366840329295,991366850228435,991366838387850,
0,15017483,991366851140278,991366851140278,0,991366852818279,991366852819412,991366855491326,991366855618279,991366862251389,991366852811873,11111111,11111111,991366862495935,991366862605232,991366862736717,991366864304139,991366870044412,13516,518789,991366870044412,991366864984646,991366883625271,991366864304139,
0,15017498,991366950955516,991366950955516,0,991366951900193,991366951901482,991366953481482,991366953604568,991366962066627,991366951893045,11111111,11111111,991366956342498,991366956595662,991366956822693,991366960776834,991366966160428,27266,848867,991366966160428,991366961816092,991366972937185,991366960776834,
0,15017513,991366984288849,991366984288849,0,991366985226560,991366985227928,991366987959998,991366988199959,991366995399960,991366985220310,11111111,11111111,991366996988357,991366997088123,991366997249295,991367000537068,991367006984373,20508,1053672,991367006984373,991367001755037,991367016886912,991367000537068,
0,15017528,991367083561766,991367083561766,0,991367084853006,991367084854373,991367086219920,991367086376482,991367094672877,991367084846834,11111111,11111111,991367088963123,991367089227420,991367089458709,991367092842342,991367098830115,26328,1731407,991367098830115,991367094757576,991367105956678,991367092842342,
0,15017543,991367105783988,991367105783988,0,991367108502068,991367108503318,991367111477107,991367111605193,991367116895099,991367108499490,11111111,11111111,991367119645896,991367119840232,991367120207771,991367123458045,991367129248514,30507,658750,991367129248514,991367124288435,991367138939139,991367123458045,
0,15017558,991367206270516,991367206270516,0,991367207480896,991367207482107,991367209025545,991367209146951,991367217381627,991367207474334,11111111,11111111,991367211654217,991367212086756,991367212299842,991367215494451,991367220927342,29648,1610781,991367220927342,991367217313631,991367227787732,991367215494451,
0,15017573,991367239603849,991367239603849,0,991367240618982,991367240619959,991367243379100,991367243497342,991367250714960,991367240612850,11111111,11111111,991367253035975,991367253351092,991367253593240,991367256779998,991367262610389,21054,1155938,991367262610389,991367258111717,991367272362146,991367256779998,
0,15017588,991367339290009,991367339290009,0,991367340716092,991367340717342,991367342148514,991367342262693,991367350401120,991367340708475,11111111,11111111,991367345009764,991367345270271,991367345504881,991367348897107,991367354725076,27695,2034532,991367354725076,991367351162107,991367361274725,991367348897107,
0,15017603,991367361512231,991367361512231,0,991367362814139,991367362815193,991367365666131,991367365793904,991367372623342,991367362807771,11111111,11111111,991367374198435,991367374450037,991367374733318,991367378322732,991367384055389,27461,591679,991367384055389,991367379086990,991367394226560,991367378322732,
0,15017618,991367461121063,991367461121063,0,991367462789998,991367462790896,991367464315193,991367464437068,991367472232174,991367462782732,11111111,11111111,991367466929451,991367467551443,991367467803357,991367471836287,991367478245389,26016,2065781,991367478245389,991367474093475,991367494433982,991367471836287,
0,15017633,991367494454396,991367494454396,0,991367496262693,991367496263709,991367499171756,991367499286092,991367505565507,991367496255545,11111111,11111111,991367508368435,991367508564920,991367508766365,991367512401717,991367518464021,27305,630156,991367518464021,991367513199139,991367527451990,991367512401717,
0,15017648,991367583496945,991367583496945,0,991367585013787,991367585015115,991367586461092,991367586576443,991367594608056,991367585007185,11111111,11111111,991367589214060,991367589469451,991367589700310,991367593223670,991367599188592,27031,2374257,991367599188592,991367595797576,991367616746600,991367593223670,
0,15017663,991367616830278,991367616830278,0,991367618265467,991367618266639,991367621220271,991367621342654,991367627941389,991367618259139,11111111,11111111,991367629320193,991367629475818,991367629691600,991367633077967,991367638857381,23242,1430157,991367638857381,991367634700623,991367649534959,991367633077967,
0,15017678,991367716656202,991367716656202,0,991367717485193,991367717486834,991367718808826,991367718928709,991367727767313,991367717478084,11111111,11111111,991367721719490,991367721989959,991367722225350,991367725613943,991367731857850,27461,1446055,991367731857850,991367727263592,991367738616717,991367725613943,
0,15017693,991367749989535,991367749989535,0,991367751320076,991367751321053,991367754274842,991367754402693,991367761100646,991367751313592,11111111,11111111,991367763025350,991367763211209,991367763471326,991367766979764,991367772710545,27149,1431133,991367772710545,991367768575818,991367782711326,991367766979764,
0,15017708,991367838968820,991367838968820,0,991367839884217,991367839885154,991367841557928,991367841683123,991367850079931,991367839877576,11111111,11111111,991367844466287,991367844724607,991367844950662,991367848940857,991367854479959,28711,859727,991367854479959,991367850001443,991367871545389,991367848940857,
0,15017723,991367872302153,991367872302153,0,991367873241131,991367873242185,991367875932810,991367876189529,991367883413264,991367873234334,11111111,11111111,991367885519764,991367885623514,991367885763748,991367888767420,991367894980623,16523,1025351,991367894980623,991367889961521,991367904628904,991367888767420,
0,15017738,991367971950048,991367971950048,0,991367972833982,991367972835467,991367974246756,991367974360701,991367983061159,991367972827029,11111111,11111111,991367977089881,991367977336951,991367977563435,991367981709295,991367987938787,28281,822187,991367987938787,991367982727459,991367994013982,991367981709295,
0,15017753,991367994172270,991367994172270,0,991367997009725,991367997010623,991368000113631,991368000273670,991368005283381,991367997004451,11111111,11111111,991368007805779,991368007989451,991368008314803,991368011173592,991368017338748,25469,511406,991368017338748,991368011821834,991368026845545,991368011173592,
0,15017768,991368093767609,991368093767609,0,991368095118943,991368095120076,991368096665076,991368096785935,991368104878720,991368095111912,11111111,11111111,991368099306951,991368099584256,991368099817732,991368103070428,991368108991365,25664,1654454,991368108991365,991368105047850,991368116122654,991368103070428,
0,15017783,991368127100942,991368127100942,0,991368128184295,991368128185271,991368130987693,991368131116873,991368138212053,991368128176248,11111111,11111111,991368140790076,991368140898592,991368141102889,991368144138396,991368150338592,23437,1002734,991368150338592,991368145316209,991368160184100,991368144138396,
0,15017798,991368227347313,991368227347313,0,991368228414178,991368228416092,991368229870076,991368229984881,991368238458424,991368228405896,11111111,11111111,991368232704021,991368232978982,991368233200115,991368236515935,991368242221639,28281,1541915,991368242221639,991368238253514,991368248910076,991368236515935,
0,15017813,991368249569535,991368249569535,0,991368250964060,991368250965271,991368254686990,991368254825271,991368260680646,991368250956521,11111111,11111111,991368263409256,991368263578865,991368263826209,991368265748865,991368271813084,28321,313437,991368271813084,991368266134881,991368282165779,991368265748865,
0,15017828,991368349455985,991368349455985,0,991368350745154,991368350746209,991368352281639,991368352392459,991368360567096,991368350737498,11111111,11111111,991368354894178,991368355524490,991368355767185,991368359141756,991368365372420,28945,2109921,991368365372420,991368361463592,991368371451951,991368359141756,
0,15017843,991368382789318,991368382789318,0,991368384378240,991368384379412,991368387418084,991368387545389,991368393900429,991368384372459,11111111,11111111,991368397106131,991368397369568,991368397500701,991368398882225,991368404772264,13789,320156,991368404772264,991368399277654,991368415405310,991368398882225,
0,15017858,991368482243407,991368482243407,0,991368483992967,991368483994217,991368486024881,991368486142420,991368493354518,991368483985232,11111111,11111111,991368488897068,991368489161951,991368489386560,991368492752928,991368498863709,28633,2078321,991368498863709,991368495033865,991368515787654,991368492752928,
0,15017873,991368504465629,991368504465629,0,991368506275037,991368506276131,991368509967381,991368510106717,991368515576740,991368506268084,11111111,11111111,991368518305389,991368518611209,991368518855584,991368521975818,991368527828162,18906,532852,991368527828162,991368522660662,991368537446326,991368521975818,
0,15017888,991368604785282,991368604785282,0,991368606239568,991368606240779,991368607477850,991368607584060,991368615896393,991368606231912,11111111,11111111,991368609885896,991368610122928,991368610333201,991368613284295,991368619613123,26719,1331289,991368619613123,991368614766443,991368626687576,991368613284295,
0,15017903,991368638118615,991368638118615,0,991368639058904,991368639059881,991368642031795,991368642156990,991368649229726,991368639052498,11111111,11111111,991368649788943,991368649895818,991368650028865,991368651481482,991368657360740,13672,294219,991368657360740,991368651852342,991368670656756,991368651481482,
0,15017918,991368726898763,991368726898763,0,991368727916521,991368727917654,991368729146639,991368729233904,991368738009874,991368727911170,11111111,11111111,991368731189881,991368731381014,991368731549803,991368734833670,991368740256248,21054,651289,991368740256248,991368735647537,991368748484100,991368734833670,
0,15017933,991368760232096,991368760232096,0,991368761584295,991368761585545,991368764431092,991368764553084,991368771343207,991368761577459,11111111,11111111,991368773567303,991368774096639,991368774483279,991368777117928,991368782984685,27695,1474140,991368782984685,991368778781951,991368792746092,991368777117928,
0,15017948,991368860020907,991368860020907,0,991368861300154,991368861301873,991368862700428,991368862826209,991368871132018,991368861293553,11111111,11111111,991368865849334,991368866099881,991368866320115,991368869653006,991368874941717,27422,2099961,991368874941717,991368871952537,991368881413045,991368869653006,
0,15017963,991368882243129,991368882243129,0,991368885298787,991368885299959,991368887968201,991368888862693,991368893354240,991368885292654,11111111,11111111,991368898406404,991368898920818,991368899214725,991368901790506,991368908053318,22734,709844,991368908053318,991368902673631,991368914844803,991368901790506,
0,15017978,991368981817431,991368981817431,0,991368983240857,991368983242068,991368984767615,991368984890271,991368992928542,991368983233748,11111111,11111111,991368987386365,991368988193943,991368988403045,991368992476560,991368998239529,28750,1584336,991368998239529,991368994249178,991369015076717,991368992476560,
0,15017993,991369015150764,991369015150764,0,991369016356521,991369016357693,991369019097537,991369019241287,991369026261875,991369016350350,11111111,11111111,991369029212303,991369029554959,991369029784568,991369032925037,991369039524295,20117,1127930,991369039524295,991369034222615,991369048613396,991369032925037,
0,15018008,991369114746376,991369114746376,0,991369116890076,991369116891912,991369118297732,991369118413670,991369125857487,991369116883084,11111111,11111111,991369121088631,991369121366053,991369121600975,991369125020232,991369131554842,28281,1599765,991369131554842,991369126818904,991369147962615,991369125020232,
0,15018023,991369148079709,991369148079709,0,991369149362693,991369149363787,991369152236639,991369152400428,991369159190820,991369149355701,11111111,11111111,991369161293435,991369161398631,991369161549139,991369164688865,991369170699373,21445,1155859,991369170699373,991369166004881,991369181212146,991369164688865,
0,15018038,991369237298937,991369237298937,0,991369238732654,991369238733904,991369240226600,991369240340506,991369248410048,991369238726131,11111111,11111111,991369242808123,991369243077928,991369243308475,991369247608748,991369254052420,27500,1460664,991369254052420,991369249281092,991369270069607,991369247608748,
0,15018053,991369270632270,991369270632270,0,991369272242459,991369272243982,991369275006131,991369275126287,991369281743381,991369272234920,11111111,11111111,991369284747498,991369285129529,991369285319607,991369287211600,991369293160662,19922,1339688,991369293160662,991369288727264,991369303295350,991369287211600,
0,15018068,991369370184835,991369370184835,0,991369371534334,991369371535428,991369373081443,991369373205232,991369381295946,991369371526443,11111111,11111111,991369375662185,991369375933240,991369376311990,991369379504256,991369385057107,27969,1642500,991369385057107,991369381462068,991369392112850,991369379504256,
0,15018083,991369403518168,991369403518168,0,991369404456365,991369404457459,991369407372537,991369407489881,991369414629279,991369404449685,11111111,11111111,991369417256795,991369417375506,991369417541756,991369420674529,991369426992185,21171,1158360,991369426992185,991369422004334,991369436749842,991369420674529,
0,15018098,991369492291827,991369492291827,0,991369493282732,991369493283631,991369494639607,991369494757732,991369503402938,991369493275506,11111111,11111111,991369497452850,991369497710701,991369497941287,991369502374920,991369508278123,29961,729219,991369508278123,991369503303553,991369525364060,991369502374920,
0,15018113,991369525625160,991369525625160,0,991369527035310,991369527036639,991369530042771,991369530164334,991369536736271,991369527028357,11111111,11111111,991369538021951,991369538138084,991369538308435,991369541438748,991369547782850,21211,608125,991369547782850,991369542193435,991369558584881,991369541438748,
0,15018128,991369625446181,991369625446181,0,991369627152029,991369627153865,991369628666443,991369628784803,991369636557292,991369627145232,11111111,11111111,991369631238592,991369631887576,991369632322889,991369635536912,991369641863748,28946,1747383,991369641863748,991369637474725,991369658520037,991369635536912,
0,15018143,991369647668403,991369647668403,0,991369651610935,991369651611912,991369655553670,991369655672850,991369658779514,991369651604920,11111111,11111111,991369662660350,991369663166209,991369663496053,991369666790623,991369672616443,23242,703203,991369672616443,991369667664607,991369680761131,991369666790623,
0,15018158,991369747586280,991369747586280,0,991369749025115,991369749026365,991369750491678,991369750605037,991369758697391,991369749018318,11111111,11111111,991369753217146,991369753478514,991369753700310,991369757017810,991369762864373,26172,1673360,991369762864373,991369759424490,991369769798553,991369757017810,
0,15018173,991369780919613,991369780919613,0,991369782346170,991369782347576,991369785203670,991369785322654,991369792030724,991369782340310,11111111,11111111,991369794086560,991369794283904,991369794553045,991369798378279,991369804148045,28047,756680,991369804148045,991369799310701,991369813833943,991369798378279,
0,15018188,991369880742257,991369880742257,0,991369881644959,991369881646404,991369883081014,991369883202029,991369891853368,991369881637459,11111111,11111111,991369885925232,991369886186560,991369886417810,991369889809021,991369896134451,27696,1524023,991369896134451,991369891522264,991369903043514,991369889809021,
0,15018203,991369902964479,991369902964479,0,991369905864920,991369905866170,991369908724685,991369908851209,991369914075590,991369905857615,11111111,11111111,991369915024490,991369915117381,991369915247029,991369917369217,991369923118514,14336,1024844,991369923118514,991369918549959,991369935982342,991369917369217,
0,15018218,991370003131884,991370003131884,0,991370004198240,991370004199607,991370005381170,991370005472185,991370014242995,991370004191014,11111111,11111111,991370007489842,991370007683084,991370007857381,991370010691912,991370016020975,20742,1199648,991370016020975,991370012441209,991370024972889,991370010691912,
0,15018233,991370036465217,991370036465217,0,991370037826092,991370037826951,991370040703514,991370040851365,991370047576328,991370037819607,11111111,11111111,991370049687693,991370049878123,991370050140818,991370053814607,991370059497264,26914,742109,991370059497264,991370054743006,991370069078670,991370053814607,
0,15018248,991370136376845,991370136376845,0,991370137384490,991370137385545,991370138978709,991370139094256,991370147487956,991370137377459,11111111,11111111,991370141758279,991370142398006,991370142637342,991370146061326,991370152042654,27344,820664,991370152042654,991370147074529,991370169612498,991370146061326,
0,15018263,991370158599067,991370158599067,0,991370160687537,991370160688670,991370164572850,991370164713045,991370169710178,991370160681482,11111111,11111111,991370173577928,991370173691443,991370173859725,991370177057107,991370183043514,19766,507383,991370183043514,991370177718357,991370191256365,991370177057107,
0,15018278,991370258306220,991370258306220,0,991370259366482,991370259367537,991370260890193,991370261012420,991370269417331,991370259360271,11111111,11111111,991370263522303,991370264210662,991370264454451,991370267706873,991370273137185,26992,2296446,991370273137185,991370270202771,991370280106717,991370267706873,
0,15018293,991370291639553,991370291639553,0,991370292975701,991370292976795,991370295708553,991370295832889,991370302750664,991370292968240,11111111,11111111,991370305217732,991370306048240,991370306408631,991370309718162,991370315452537,27500,1177735,991370315452537,991370311083982,991370324793553,991370309718162,
0,15018308,991370391834718,991370391834718,0,991370393099021,991370393100232,991370394815232,991370394934998,991370402945829,991370393092498,11111111,11111111,991370397813123,991370398050350,991370398284685,991370401626404,991370408193982,26367,774063,991370408193982,991370402600076,991370413547225,991370401626404,
0,15018323,991370414056940,991370414056940,0,991370415385037,991370415386600,991370418397068,991370418517928,991370425168051,991370415380350,11111111,11111111,991370428840154,991370428976287,991370429106014,991370430569920,991370436553201,13906,782891,991370436553201,991370431520857,991370446510896,991370430569920,
0,15018338,991370513440048,991370513440048,0,991370514706326,991370514708045,991370516254842,991370516364100,991370524551159,991370514699920,11111111,11111111,991370518880076,991370519516873,991370519759529,991370523821209,991370530524725,27266,2351407,991370530524725,991370526373357,991370546906600,991370523821209,
0,15018353,991370546773381,991370546773381,0,991370548206287,991370548207654,991370551017068,991370551147381,991370557884492,991370548199021,11111111,11111111,991370560858006,991370561018123,991370561263162,991370564925662,991370570762381,26055,1396641,991370570762381,991370566520115,991370579687732,991370564925662,
0,15018368,991370646880556,991370646880556,0,991370648355818,991370648357381,991370650130271,991370650247576,991370657991667,991370648349217,11111111,11111111,991370652987029,991370653255662,991370653485779,991370656859412,991370662973006,27032,838672,991370662973006,991370657899256,991370679596678,991370656859412,
0,15018383,991370669102778,991370669102778,0,991370670492967,991370670494334,991370674539998,991370674673514,991370680213889,991370670486170,11111111,11111111,991370685575428,991370685842146,991370686204021,991370688435389,991370694206131,25391,667188,991370694206131,991370689287225,991370701819021,991370688435389,
0,15018398,991370769128820,991370769128820,0,991370770493162,991370770494685,991370771933006,991370772173396,991370780239931,991370770486639,11111111,11111111,991370774686600,991370774949920,991370775191756,991370778705232,991370784504490,28907,2171016,991370784504490,991370781096326,991370790932107,991370778705232,
0,15018413,991370802462153,991370802462153,0,991370804354217,991370804355232,991370807201014,991370807321248,991370813573264,991370804346678,11111111,11111111,991370817313670,991370817858631,991370818247615,991370821806131,991370827539568,27539,1323398,991370827539568,991370823323943,991370835001014,991370821806131,
0,15018428,991370890707787,991370890707787,0,991370891736600,991370891738084,991370893309021,991370893433475,991370901818898,991370891729451,11111111,11111111,991370895990975,991370896665975,991370896938201,991370900289256,991370905680662,27657,2256836,991370905680662,991370902739920,991370913147537,991370900289256,
0,15018443,991370924041120,991370924041120,0,991370925134178,991370925135857,991370927867732,991370927987576,991370935152231,991370925128240,11111111,11111111,991370937934998,991370938410232,991370938578357,991370940927850,991370946724139,16289,1284297,991370946724139,991370942394021,991370957240428,991370940927850,
0,15018458,991371024265438,991371024265438,0,991371025117029,991371025118787,991371026497889,991371026617576,991371035376549,991371025109646,11111111,11111111,991371029241131,991371029504139,991371029729803,991371033877771,991371040174295,29336,677539,991371040174295,991371034754568,991371046214373,991371033877771,
0,15018473,991371057598771,991371057598771,0,991371058601365,991371058602771,991371061598709,991371061725154,991371068709882,991371058594920,11111111,11111111,991371069389373,991371069497732,991371069635623,991371071133514,991371076913006,14219,632969,991371076913006,991371071917810,991371090177459,991371071133514,
0,15018488,991371146480868,991371146480868,0,991371147762146,991371147763318,991371149445779,991371149563084,991371157591979,991371147755193,11111111,11111111,991371152227303,991371153159060,991371153404959,991371156860271,991371162824256,26055,695000,991371162824256,991371157739646,991371179447420,991371156860271,
0,15018503,991371179814201,991371179814201,0,991371180841365,991371180842264,991371183625896,991371183757654,991371190925312,991371180834646,11111111,11111111,991371193239881,991371193632654,991371193819295,991371195668396,991371202177850,19844,1829765,991371202177850,991371197676560,991371212394060,991371195668396,
0,15018518,991371279547704,991371279547704,0,991371281355232,991371281356717,991371282709178,991371282813787,991371290658815,991371281347732,11111111,11111111,991371285560975,991371285819060,991371286056678,991371289389959,991371294910232,28437,2236992,991371294910232,991371291823865,991371301648396,991371289389959,
0,15018533,991371312881037,991371312881037,0,991371314243592,991371314245350,991371317085935,991371317200935,991371323992148,991371314236639,11111111,11111111,991371325696014,991371325799725,991371325928240,991371327414842,991371333320350,14766,906602,991371333320350,991371328519998,991371345549959,991371327414842,
0,15018548,991371401669640,991371401669640,0,991371402595818,991371402597264,991371403936756,991371404189490,991371412780751,991371402589256,11111111,11111111,991371406677264,991371406935779,991371407167225,991371411310623,991371416928045,28008,1829883,991371416928045,991371413351482,991371423735428,991371411310623,
0,15018563,991371435002973,991371435002973,0,991371436166639,991371436167928,991371438980076,991371439106365,991371446114084,991371436159060,11111111,11111111,991371448926717,991371449099178,991371449339529,991371453018084,991371459575310,26133,1416601,991371459575310,991371454635935,991371468170935,991371453018084,
0,15018578,991371534981727,991371534981727,0,991371536322068,991371536323553,991371537730857,991371537848396,991371546092838,991371536315193,11111111,11111111,991371540567928,991371540828748,991371541053240,991371545122342,991371551600740,29219,813672,991371551600740,991371546131990,991371568143475,991371545122342,
0,15018593,991371557203949,991371557203949,0,991371559692029,991371559693006,991371562977771,991371563110154,991371568315060,991371559685896,11111111,11111111,991371570746248,991371570917225,991371571150271,991371574453865,991371580248357,27265,558867,991371580248357,991371575170232,991371589794764,991371574453865,
0,15018608,991371657068759,991371657068759,0,991371658872654,991371658873787,991371660369139,991371660478475,991371668179870,991371658865428,11111111,11111111,991371663050623,991371663689256,991371663931873,991371667220584,991371673489881,26992,1830508,991371673489881,991371669251717,991371689692068,991371667220584,
0,15018623,991371690402092,991371690402092,0,991371691710545,991371691712537,991371694782459,991371694910115,991371701513203,991371691703631,11111111,11111111,991371705097732,991371705222146,991371705357225,991371706850154,991371713139021,14882,778242,991371713139021,991371707790857,991371722779685,991371706850154,
0,15018638,991371779254584,991371779254584,0,991371780294685,991371780296053,991371781663084,991371781779412,991371790365695,991371780288045,11111111,11111111,991371784443943,991371784691600,991371784927850,991371789031443,991371794291170,27500,866055,991371794291170,991371790096600,991371800504451,991371789031443,
0,15018653,991371812587917,991371812587917,0,991371813558904,991371813560623,991371816490662,991371816611756,991371823699028,991371813552264,11111111,11111111,991371824862615,991371825078670,991371825252264,991371827691717,991371833589295,14883,791484,991371833589295,991371828649881,991371844907146,991371827691717,
0,15018668,991371911914288,991371911914288,0,991371912896678,991371912898084,991371914272537,991371914387693,991371923025399,991371912890389,11111111,11111111,991371917034568,991371917312889,991371917545037,991371920956170,991371926842576,28671,1525703,991371926842576,991371922689646,991371934294529,991371920956170,
0,15018683,991371945247621,991371945247621,0,991371946208435,991371946210037,991371949528670,991371949649256,991371956358732,991371946202264,11111111,11111111,991371957805623,991371957916990,991371958066560,991371961161521,991371966961092,21328,1146445,991371966961092,991371962471326,991371978210271,991371961161521,
0,15018698,991372033837782,991372033837782,0,991372034801482,991372034802342,991372036258943,991372036376951,991372044948893,991372034794842,11111111,11111111,991372038848006,991372039110232,991372039338943,991372043939490,991372050193553,27344,1478086,991372050193553,991372045629529,991372067096521,991372043939490,
0,15018713,991372067171115,991372067171115,0,991372068296131,991372068298084,991372071167771,991372071286756,991372078282226,991372068288748,11111111,11111111,991372079941678,991372080132928,991372080292107,991372081969881,991372087875467,16602,461758,991372087875467,991372082584373,991372100687771,991372081969881,
0,15018728,991372167627860,991372167627860,0,991372168906131,991372168907342,991372170303631,991372170419178,991372178738971,991372168899334,11111111,11111111,991372173031170,991372173301834,991372173534920,991372176985467,991372182830389,28047,1508477,991372182830389,991372178709685,991372189173826,991372176985467,
0,15018743,991372200961193,991372200961193,0,991372201943865,991372201945389,991372204996834,991372205125545,991372212072304,991372201937928,11111111,11111111,991372213559842,991372213675935,991372213834881,991372217018904,991372222739021,21875,1192773,991372222739021,991372218382264,991372233507850,991372217018904,
0,15018758,991372289318741,991372289318741,0,991372290278787,991372290280154,991372291697342,991372291815779,991372300429852,991372290272381,11111111,11111111,991372294406092,991372294670350,991372294897029,991372299070740,991372304918357,27461,1706601,991372304918357,991372300992537,991372311708006,991372299070740,
0,15018773,991372322652074,991372322652074,0,991372323652693,991372323653787,991372326585115,991372326699803,991372333763185,991372323646756,11111111,11111111,991372336619060,991372336791678,991372336939959,991372339898982,991372345902654,21289,1563711,991372345902654,991372341621014,991372355600389,991372339898982,
0,15018788,991372422507157,991372422507157,0,991372423822459,991372423823670,991372425402420,991372425520506,991372433618268,991372423815506,11111111,11111111,991372428299490,991372428546639,991372428769021,991372431973553,991372438193631,26992,2084688,991372438193631,991372434438670,991372444373514,991372431973553,
0,15018803,991372444729379,991372444729379,0,991372446409060,991372446410193,991372450056873,991372450183709,991372455840490,991372446401834,11111111,11111111,991372459025310,991372459584646,991372459964060,991372461836092,991372467671443,26875,382500,991372467671443,991372462315232,991372477705310,991372461836092,
0,15018818,991372545041337,991372545041337,0,991372546363396,991372546364646,991372547739295,991372547856482,991372556152448,991372546356248,11111111,11111111,991372550406912,991372550667810,991372550897771,991372554959568,991372561250701,27578,644883,991372561250701,991372555799256,991372567019842,991372554959568,
0,15018833,991372578374670,991372578374670,0,991372579692264,991372579693240,991372582654842,991372582778553,991372589485781,991372579688357,11111111,11111111,991372591785975,991372591969959,991372592315818,991372595772654,991372602147693,25586,881797,991372602147693,991372596843357,991372610929060,991372595772654,
0,15018848,991372677706845,991372677706845,0,991372678635623,991372678636560,991372680235818,991372680347459,991372688817956,991372678628162,11111111,11111111,991372682874764,991372683512498,991372683760779,991372687184021,991372693498709,26563,2238632,991372693498709,991372689615740,991372699722107,991372687184021,
0,15018863,991372699929067,991372699929067,0,991372701033240,991372701034803,991372703739060,991372703869568,991372711040178,991372701026600,11111111,11111111,991372710303006,991372710413514,991372710550779,991372712943982,991372718839764,20235,737305,991372718839764,991372713827889,991372733278435,991372712943982,
0,15018878,991372800353173,991372800353173,0,991372801738162,991372801739412,991372803114568,991372803235857,991372811464284,991372801730701,11111111,11111111,991372805877654,991372806143826,991372806369803,991372809720506,991372815994256,28906,1609727,991372815994256,991372811516834,991372822127303,991372809720506,
0,15018893,991372833686506,991372833686506,0,991372835025779,991372835026678,991372838009139,991372838122303,991372844797617,991372835018748,11111111,11111111,991372846813904,991372847573865,991372848354060,991372855228435,991372861025779,56758,1125977,991372861025779,991372856655662,991372877288201,991372855228435,
0,15018908,991372933055438,991372933055438,0,991372934746560,991372934747459,991372936309100,991372936428201,991372944166549,991372934738943,11111111,11111111,991372939357107,991372940215506,991372940673826,991372947817185,991372954040857,53828,1175782,991372954040857,991372949205389,991372966111873,991372947817185,
0,15018923,991372955277660,991372955277660,0,991372956664568,991372956665662,991372960550389,991372960677381,991372966388771,991372956658201,11111111,11111111,991372970167029,991372970366521,991372970627771,991372974300467,991372980008592,28086,1348945,991372980008592,991372975827420,991372988616717,991372974300467,
0,15018938,991373055460634,991373055460634,0,991373056994685,991373056995935,991373058382107,991373058498826,991373066571745,991373056987654,11111111,11111111,991373061114881,991373061378592,991373061610389,991373065644646,991373072163475,27930,634844,991373072163475,991373066464139,991373088825154,991373065644646,
0,15018953,991373088793967,991373088793967,0,991373090504998,991373090505935,991373093621912,991373093742537,991373099905078,991373090498162,11111111,11111111,991373101846443,991373101965350,991373102126404,991373105339490,991373111104021,22617,607461,991373111104021,991373106108475,991373122037967,991373105339490,
0,15018968,991373177222982,991373177222982,0,991373178612381,991373178613709,991373180202732,991373180326170,991373188334093,991373178605232,11111111,11111111,991373182990701,991373183644334,991373183886912,991373187474490,991373192755271,29609,685196,991373192755271,991373188326912,991373210166443,991373187474490,
0,15018983,991373210556315,991373210556315,0,991373211545389,991373211546443,991373214429217,991373214590193,991373221667426,991373211538904,11111111,11111111,991373224666678,991373225251131,991373225637185,991373229194529,991373234933084,28555,1559258,991373234933084,991373230962029,991373243553279,991373229194529,
0,15018998,991373311047374,991373311047374,0,991373312256053,991373312257225,991373313640193,991373313753514,991373322158485,991373312248865,11111111,11111111,991373316445584,991373316722420,991373316960271,991373320388435,991373326420506,27500,1701445,991373326420506,991373322875115,991373332404256,991373320388435,
0,15019013,991373333269596,991373333269596,0,991373335977264,991373335978592,991373338818162,991373338938318,991373344380707,991373335970818,11111111,11111111,991373346130935,991373346230701,991373346378318,991373349580818,991373355291600,20703,1083828,991373355291600,991373350834334,991373365629842,991373349580818,
0,15019028,991373432388663,991373432388663,0,991373433680818,991373433681990,991373435026482,991373435151404,991373443499774,991373433673826,11111111,11111111,991373437852654,991373438120271,991373438346092,991373441684685,991373447598475,26133,1492969,991373447598475,991373443375701,991373454456365,991373441684685,
0,15019043,991373465721996,991373465721996,0,991373466587693,991373466589373,991373469614060,991373469738396,991373476833107,991373466581248,11111111,11111111,991373477846092,991373477952381,991373478108709,991373481214959,991373487049217,21172,1092930,991373487049217,991373482476951,991373498796521,991373481214959,
0,15019058,991373565737587,991373565737587,0,991373566571287,991373566573201,991373568489178,991373568612576,991373576848698,991373566564060,11111111,11111111,991373571093904,991373571342185,991373571572967,991373574974217,991373581139139,27422,1672813,991373581139139,991373576843045,991373587710584,991373574974217,
0,15019073,991373599070920,991373599070920,0,991373600705701,991373600707107,991373603483084,991373603607576,991373610182031,991373600698748,11111111,11111111,991373612930350,991373613103865,991373613353475,991373617071209,991373622764568,25507,1482891,991373622764568,991373618755623,991373632005935,991373617071209,
0,15019088,991373687789696,991373687789696,0,991373689546443,991373689547732,991373690914139,991373691056990,991373698900807,991373689539881,11111111,11111111,991373693801404,991373694444490,991373694687615,991373698566404,991373704543240,26211,1709180,991373704543240,991373700752107,991373720813475,991373698566404,
0,15019103,991373721123029,991373721123029,0,991373722485232,991373722486365,991373725378709,991373725497889,991373732234140,991373722478240,11111111,11111111,991373733848826,991373733959725,991373734122889,991373737263826,991373743061600,22148,1094727,991373743061600,991373738524803,991373754116014,991373737263826,
0,15019118,991373821043915,991373821043915,0,991373821967107,991373821968357,991373823398748,991373823511209,991373832155026,991373821960740,11111111,11111111,991373826173084,991373826487029,991373826711521,991373830228318,991373836522146,26368,1489570,991373836522146,991373831923123,991373843356131,991373830228318,
0,15019133,991373843266137,991373843266137,0,991373845787771,991373845789256,991373848700935,991373848829178,991373854377248,991373845781053,11111111,11111111,991373857683982,991373857839451,991373858077264,991373861671521,991373867335623,24727,1347852,991373867335623,991373863205896,991373876622693,991373861671521,
0,15019148,991373943035695,991373943035695,0,991373944685350,991373944686795,991373946442771,991373946572498,991373954146806,991373944678514,11111111,11111111,991373949185662,991373949452889,991373949682303,991373953159685,991373959042732,26563,866445,991373959042732,991373954232381,991373976513045,991373953159685,
0,15019163,991373976369028,991373976369028,0,991373977660896,991373977662107,991373980682420,991373980834725,991373987480139,991373977655232,11111111,11111111,991373989699021,991373989874959,991373990065428,991373991924021,991373998558670,18360,763321,991373998558670,991373992868865,991366384314178,991373991924021,
0,15019178,991374076689462,991374076689462,0,991374077966209,991374077967889,991374079352732,991374079469881,991374087800573,991374077960154,11111111,11111111,991374082153865,991374082785193,991374083030271,991374086548123,991374092399803,25274,2048360,991374092399803,991374088793904,991366484544100,991374086548123,
0,15019193,991374098911684,991374098911684,0,991374100425154,991374100426131,991374103057225,991374103182498,991374110022795,991374100419412,11111111,11111111,991374110003435,991374110218435,991374110439451,991374113523709,991374119606795,20039,1007461,991374119606795,991374114690428,991366506257771,991374113523709,
0,15019208,991374198735265,991374198735265,0,991374200923123,991374200924373,991374202302225,991374202422107,991374209846376,991374200915193,11111111,11111111,991374205045896,991374205328904,991374205559217,991374209034685,991374215091482,28828,1702382,991374215091482,991374210939725,991366595584725,991374209034685,
0,15019223,991374232068598,991374232068598,0,991374233069803,991374233070623,991374235339178,991374235430389,991374243179709,991374233064764,11111111,11111111,991374244984217,991374245091873,991374245269920,991374248382850,991374254025584,21641,1120274,991374254025584,991374249660584,991366639462498,991374248382850,
0,15019238,991374320487257,991374320487257,0,991374320920076,991374320920896,991374321689646,991374321742654,991374331598368,991374320915232,11111111,11111111,991374322893787,991374323051951,991374323184139,991374325020975,991374330549100,16836,1000742,991374330549100,991374326131248,991366717622185,991374325020975,
---PROFILEDATA---


View hierarchy:

  dev.intervaltablet.benchmark/dev.intervaltablet.MainActivity/android.view.ViewRootImpl@431a814
  16 views, 25,48 kB of render nodes


Total ViewRootImpl   : 1
Total attached Views : 16
Total RenderNode     : 25,48 kB (used) / 57,69 kB (capacity)

  ProcessConfig={1.0 ?mcc0mnc [fr_FR] ldltr sw900dp w1440dp h900dp 320dpi xlrg compactNeeded hdr widecg land finger -keyb/v/h -nav/h winConfig={ mBounds=Rect(0, 0 - 2880, 1800) mAppBounds=Rect(0, 0 - 2880, 1800) mMaxBounds=Rect(0, 0 - 2880, 1800) mDisplayRotation=ROTATION_90 mWindowingMode=fullscreen mActivityType=undefined mAlwaysOnTop=undefined mRotation=ROTATION_90 mStageConfig=undefined mEmbedActivityMode=undefined mPopOver=off mOverlappingWithCutout=false} s.2648 fontWeightAdjustment=0 ff=0 bf=-1 bts=0 cst=1.0 nightDim=-1 themeSeq=0}
  Application ResourcesConfig={1.0 ?mcc0mnc [fr_FR] ldltr sw900dp w1440dp h900dp 320dpi xlrg compactNeeded hdr widecg land finger -keyb/v/h -nav/h winConfig={ mBounds=Rect(0, 0 - 2880, 1800) mAppBounds=Rect(0, 0 - 2880, 1800) mMaxBounds=Rect(0, 0 - 2880, 1800) mDisplayRotation=ROTATION_90 mWindowingMode=fullscreen mActivityType=undefined mAlwaysOnTop=undefined mRotation=ROTATION_90 mStageConfig=undefined mEmbedActivityMode=undefined mPopOver=off mOverlappingWithCutout=false} s.2648 fontWeightAdjustment=0 ff=0 bf=-1 bts=0 cst=1.0 nightDim=-1 themeSeq=0}
