Applications Graphics Acceleration Info:
Uptime: 991640897 Realtime: 1021318767

** Graphics info for pid 18708 [dev.intervaltablet.benchmark] **

Stats since: 991610700325935ns
Total frames rendered: 476
Janky frames: 475 (99.79%)
Janky frames (legacy): 361 (75.84%)
50th percentile: 18ms
90th percentile: 22ms
95th percentile: 23ms
99th percentile: 27ms
Number Missed Vsync: 0
Number High input latency: 0
Number Slow UI thread: 309
Number Slow bitmap uploads: 0
Number Slow issue draw commands: 392
Number Frame deadline missed: 475
Number Frame deadline missed (legacy): 361
HISTOGRAM: 5ms=0 6ms=0 7ms=0 8ms=0 9ms=0 10ms=1 11ms=1 12ms=4 13ms=17 14ms=127 15ms=78 16ms=4 17ms=1 18ms=10 19ms=19 20ms=39 21ms=78 22ms=54 23ms=25 24ms=3 25ms=4 26ms=4 27ms=4 28ms=2 29ms=1 30ms=0 31ms=0 32ms=0 34ms=0 36ms=0 38ms=0 40ms=0 42ms=0 44ms=0 46ms=0 48ms=0 53ms=0 57ms=0 61ms=0 65ms=0 69ms=0 73ms=0 77ms=0 81ms=0 85ms=0 89ms=0 93ms=0 97ms=0 101ms=0 105ms=0 109ms=0 113ms=0 117ms=0 121ms=0 125ms=0 129ms=0 133ms=0 150ms=0 200ms=0 250ms=0 300ms=0 350ms=0 400ms=0 450ms=0 500ms=0 550ms=0 600ms=0 650ms=0 700ms=0 750ms=0 800ms=0 850ms=0 900ms=0 950ms=0 1000ms=0 1050ms=0 1100ms=0 1150ms=0 1200ms=0 1250ms=0 1300ms=0 1350ms=0 1400ms=0 1450ms=0 1500ms=0 1550ms=0 1600ms=0 1650ms=0 1700ms=0 1750ms=0 1800ms=0 1850ms=0 1900ms=0 1950ms=0 2000ms=0 2050ms=0 2100ms=0 2150ms=0 2200ms=0 2250ms=0 2300ms=0 2350ms=0 2400ms=0 2450ms=0 2500ms=0 2550ms=0 2600ms=0 2650ms=0 2700ms=0 2750ms=0 2800ms=0 2850ms=0 2900ms=0 2950ms=0 3000ms=0 3050ms=0 3100ms=0 3150ms=0 3200ms=0 3250ms=0 3300ms=0 3350ms=0 3400ms=0 3450ms=0 3500ms=0 3550ms=0 3600ms=0 3650ms=0 3700ms=0 3750ms=0 3800ms=0 3850ms=0 3900ms=0 3950ms=0 4000ms=0 4050ms=0 4100ms=0 4150ms=0 4200ms=0 4250ms=0 4300ms=0 4350ms=0 4400ms=0 4450ms=0 4500ms=0 4550ms=0 4600ms=0 4650ms=0 4700ms=0 4750ms=0 4800ms=0 4850ms=0 4900ms=0 4950ms=0
50th gpu percentile: 6ms
90th gpu percentile: 7ms
95th gpu percentile: 7ms
99th gpu percentile: 7ms
GPU HISTOGRAM: 1ms=0 2ms=0 3ms=0 4ms=0 5ms=9 6ms=383 7ms=84 8ms=0 9ms=0 10ms=0 11ms=0 12ms=0 13ms=0 14ms=0 15ms=0 16ms=0 17ms=0 18ms=0 19ms=0 20ms=0 21ms=0 22ms=0 23ms=0 24ms=0 25ms=0 4950ms=0

Pipeline=Skia (Vulkan)
Memory policy:
  Max surface area: 5184000
  Max resource usage: 248.83MB (x48)
  Background retention: 50% (altUiHidden = true)
  GPU Context timeout: 10
Contexts: 1 (stopped = 0)
CPU Caches:
  Glyph Cache: 148.50 KB (1 entry)
  Glyph Count: 45 
Total CPU memory usage:
  152067 bytes, 148.50 KB (0.00 bytes is purgeable)
GPU Caches:
  Other:
    TextBlobCache: 56.25 KB (1 entry)
  Image:
    Texture: 64.00 bytes (1 entry)
  Scratch:
    Texture: 2.00 MB (1 entry)
    Buffer Object: 334.38 KB (12 entries)
    Attachment: 0.00 bytes (2 entries)
Total GPU memory usage:
  2497216 bytes, 2.38 MB (128.19 KB is purgeable)

GraphicBufferAllocator buffers:
            Handle |         Size |     W (Stride) x H | Layers |   Format |      Usage | Requestor
0xb4000079de472710 |      unknown | 1800 (   0) x 2880 |      1 |        1 | 0x     b00 | VRI[MainActivity]@4f3dc3c#0(BLAST Consumer)0
0xb4000079de477850 |      unknown | 1800 (   0) x 2880 |      1 |        1 | 0x     b00 | VRI[MainActivity]@4f3dc3c#0(BLAST Consumer)0
0xb4000079de477e90 |      unknown | 1800 (   0) x 2880 |      1 |        1 | 0x     b00 | VRI[MainActivity]@4f3dc3c#0(BLAST Consumer)0
0xb4000079de478e30 |      unknown | 1800 (   0) x 2880 |      1 |        1 | 0x     b00 | VRI[MainActivity]@4f3dc3c#0(BLAST Consumer)0
Total allocated by GraphicBufferAllocator (estimate): 0.00 KB
Imported gralloc buffers:
+ name:VRI[MainActivity]@4f3dc3c#0(BLAST Consumer)0, id:20569663532559279, size:20616.50KiB, w/h:1800x2880, usage: 0xb00, req fmt:1, fourcc/mod:875708993/0, dataspace: 0x8810000, compressed: false
+ name:VRI[MainActivity]@4f3dc3c#0(BLAST Consumer)0, id:20569663532559280, size:20616.50KiB, w/h:1800x2880, usage: 0xb00, req fmt:1, fourcc/mod:875708993/0, dataspace: 0x8810000, compressed: false
+ name:VRI[MainActivity]@4f3dc3c#0(BLAST Consumer)0, id:20569663532559278, size:20616.50KiB, w/h:1800x2880, usage: 0xb00, req fmt:1, fourcc/mod:875708993/0, dataspace: 0x8810000, compressed: false
+ name:VRI[MainActivity]@4f3dc3c#0(BLAST Consumer)0, id:20569663532559277, size:20616.50KiB, w/h:1800x2880, usage: 0xb00, req fmt:1, fourcc/mod:875708993/0, dataspace: 0x8810000, compressed: false
Total imported by gralloc: 82466.00KiB

Profile data in ms:

	dev.intervaltablet.benchmark/dev.intervaltablet.MainActivity/android.view.ViewRootImpl@431a814 (visibility=0)
Window: dev.intervaltablet.benchmark/dev.intervaltablet.MainActivity
Stats since: 991610700325779ns
Total frames rendered: 476
Janky frames: 475 (99.79%)
Janky frames (legacy): 361 (75.84%)
50th percentile: 18ms
90th percentile: 22ms
95th percentile: 23ms
99th percentile: 27ms
Number Missed Vsync: 0
Number High input latency: 0
Number Slow UI thread: 309
Number Slow bitmap uploads: 0
Number Slow issue draw commands: 392
Number Frame deadline missed: 475
Number Frame deadline missed (legacy): 361
HISTOGRAM: 5ms=0 6ms=0 7ms=0 8ms=0 9ms=0 10ms=1 11ms=1 12ms=4 13ms=17 14ms=127 15ms=78 16ms=4 17ms=1 18ms=10 19ms=19 20ms=39 21ms=78 22ms=54 23ms=25 24ms=3 25ms=4 26ms=4 27ms=4 28ms=2 29ms=1 30ms=0 31ms=0 32ms=0 34ms=0 36ms=0 38ms=0 40ms=0 42ms=0 44ms=0 46ms=0 48ms=0 53ms=0 57ms=0 61ms=0 65ms=0 69ms=0 73ms=0 77ms=0 81ms=0 85ms=0 89ms=0 93ms=0 97ms=0 101ms=0 105ms=0 109ms=0 113ms=0 117ms=0 121ms=0 125ms=0 129ms=0 133ms=0 150ms=0 200ms=0 250ms=0 300ms=0 350ms=0 400ms=0 450ms=0 500ms=0 550ms=0 600ms=0 650ms=0 700ms=0 750ms=0 800ms=0 850ms=0 900ms=0 950ms=0 1000ms=0 1050ms=0 1100ms=0 1150ms=0 1200ms=0 1250ms=0 1300ms=0 1350ms=0 1400ms=0 1450ms=0 1500ms=0 1550ms=0 1600ms=0 1650ms=0 1700ms=0 1750ms=0 1800ms=0 1850ms=0 1900ms=0 1950ms=0 2000ms=0 2050ms=0 2100ms=0 2150ms=0 2200ms=0 2250ms=0 2300ms=0 2350ms=0 2400ms=0 2450ms=0 2500ms=0 2550ms=0 2600ms=0 2650ms=0 2700ms=0 2750ms=0 2800ms=0 2850ms=0 2900ms=0 2950ms=0 3000ms=0 3050ms=0 3100ms=0 3150ms=0 3200ms=0 3250ms=0 3300ms=0 3350ms=0 3400ms=0 3450ms=0 3500ms=0 3550ms=0 3600ms=0 3650ms=0 3700ms=0 3750ms=0 3800ms=0 3850ms=0 3900ms=0 3950ms=0 4000ms=0 4050ms=0 4100ms=0 4150ms=0 4200ms=0 4250ms=0 4300ms=0 4350ms=0 4400ms=0 4450ms=0 4500ms=0 4550ms=0 4600ms=0 4650ms=0 4700ms=0 4750ms=0 4800ms=0 4850ms=0 4900ms=0 4950ms=0
50th gpu percentile: 6ms
90th gpu percentile: 7ms
95th gpu percentile: 7ms
99th gpu percentile: 7ms
GPU HISTOGRAM: 1ms=0 2ms=0 3ms=0 4ms=0 5ms=9 6ms=383 7ms=84 8ms=0 9ms=0 10ms=0 11ms=0 12ms=0 13ms=0 14ms=0 15ms=0 16ms=0 17ms=0 18ms=0 19ms=0 20ms=0 21ms=0 22ms=0 23ms=0 24ms=0 25ms=0 4950ms=0



---PROFILEDATA---
Flags,FrameTimelineVsyncId,IntendedVsync,Vsync,InputEventId,HandleInputStart,AnimationStart,PerformTraversalsStart,DrawStart,FrameDeadline,FrameStartTime,FrameInterval,WorkloadTarget,SyncQueued,SyncStart,IssueDrawCommandsStart,SwapBuffers,FrameCompleted,DequeueBufferDuration,QueueBufferDuration,GpuCompleted,SwapBuffersCompleted,DisplayPresentTime,CommandSubmissionCompleted,
0,15083669,991633290177882,991633290177882,0,991633291570467,991633291571365,991633293128904,991633293241209,991633301288993,991633291563475,11111111,11111111,991633295701990,991633296240115,991633296655662,991633299841365,991633305329842,25782,865860,991633305329842,991633300896600,991633322845896,991633299841365,
0,15083684,991633323511215,991633323511215,0,991633324574764,991633324575857,991633327212810,991633327337537,991633334622326,991633324568084,11111111,11111111,991633336438553,991633336606912,991633336789451,991633339788006,991633345738514,20156,668984,991633345738514,991633340615584,991633356084842,991633339788006,
0,15083699,991633423140734,991633423140734,0,991633424003006,991633424004373,991633425701443,991633425810428,991633434251845,991633423996365,11111111,11111111,991633428373592,991633428646756,991633428888084,991633432377420,991633437866326,27852,1608086,991633437866326,991633434190662,991633445034607,991633432377420,
0,15083714,991633456474067,991633456474067,0,991633457331365,991633457332146,991633460160623,991633460286053,991633467585178,991633457324881,11111111,11111111,991633469118748,991633469319646,991633469528240,991633471621600,991633477576795,20546,691953,991633477576795,991633472497498,991633489480506,991633471621600,
0,15083729,991633545068116,991633545068116,0,991633545984334,991633545985935,991633547345506,991633547455662,991633556179227,991633545977732,11111111,11111111,991633550193006,991633550453279,991633550680740,991633554840779,991633560250818,29297,2083203,991633560250818,991633557135545,991633567043279,991633554840779,
0,15083744,991633578401449,991633578401449,0,991633579819881,991633579821404,991633582746521,991633582864725,991633589512560,991633579814490,11111111,11111111,991633592538865,991633592886639,991633593020115,991633594428084,991633600336990,13086,318594,991633600336990,991633594822107,991633611899217,991633594428084,
0,15083759,991633678367938,991633678367938,0,991633680541521,991633680542576,991633681926287,991633682050271,991633689479049,991633680534412,11111111,11111111,991633684581014,991633684846521,991633685067107,991633689241131,991633694958826,26054,1491133,991633694958826,991633690868631,991633711816756,991633689241131,
0,15083774,991633711701271,991633711701271,0,991633713806326,991633713807693,991633716996873,991633717116053,991633722812382,991633713799920,11111111,11111111,991633725726404,991633726352654,991633727016131,991633734118201,991633739760896,56250,880860,991633739760896,991633735287889,991633756147342,991633734118201,
0,15083789,991633800376610,991633800376610,0,991633802383045,991633802384373,991633803775193,991633803897576,991633811487721,991633802376326,11111111,11111111,991633806468279,991633807415232,991633807647850,991633811056951,991633816630740,28008,1463164,991633816630740,991633812717459,991633833721053,991633811056951,
0,15083804,991633833709943,991633833709943,0,991633834641756,991633834643514,991633837562498,991633837682068,991633844821054,991633834635584,11111111,11111111,991633846362771,991633846890740,991633847260975,991633850949568,991633856891092,30235,612617,991633856891092,991633851732889,991633866733787,991633850949568,
0,15083819,991633934038976,991633934038976,0,991633935719568,991633935721404,991633937253748,991633937373357,991633945150087,991633935713045,11111111,11111111,991633939711443,991633939979295,991633940319373,991633943648631,991633949090818,29531,1866679,991633949090818,991633945727576,991633955530896,991633943648631,
0,15083834,991633956261198,991633956261198,0,991633957697928,991633957698904,991633960469256,991633960587810,991633967372309,991633957691834,11111111,11111111,991633969533357,991633969709959,991633969963240,991633973725701,991633979791795,28632,1336602,991633979791795,991633975253435,991633988788006,991633973725701,
0,15083849,991634056147339,991634056147339,0,991634056982967,991634056984334,991634058288084,991634058410467,991634067258450,991634056975975,11111111,11111111,991634061452381,991634061725389,991634061968045,991634065368787,991634070894529,30273,1583555,991634070894529,991634067154920,991634078006678,991634065368787,
0,15083864,991634089276606,991634089276606,0,991634090197068,991634090198514,991634093658982,991634093785584,991634100387717,991634090191560,11111111,11111111,991634101563982,991634101680467,991634101847693,991634105124803,991634111059451,21172,1075468,991634111059451,991634106365545,991634122373865,991634105124803,
0,15083879,991634177753116,991634177753116,0,991634178716170,991634178717185,991634180154959,991634180274295,991634188864227,991634178709295,11111111,11111111,991634182648006,991634182916717,991634183150271,991634187315623,991634192854334,26094,956406,991634192854334,991634188471521,991634200090389,991634187315623,
0,15083894,991634211086449,991634211086449,0,991634212151600,991634212152381,991634214952146,991634215076326,991634222197560,991634212004295,11111111,11111111,991634224685467,991634225325350,991634225962225,991634236390779,991634241190857,56368,2366367,991634241190857,991634239069529,991634255265467,991634236390779,
0,15083909,991634311340009,991634311340009,0,991634313338318,991634313339881,991634314750389,991634314851717,991634322451120,991634313331951,11111111,11111111,991634317455115,991634318097146,991634318341990,991634322444139,991634327844490,27773,1699765,991634327844490,991634324448553,991634344005896,991634322444139,
0,15083924,991634344673342,991634344673342,0,991634345557459,991634345558357,991634348418006,991634348538084,991634355784453,991634345551600,11111111,11111111,991634356958201,991634357078201,991634357267928,991634360312381,991634366148904,22383,659453,991634366148904,991634361121131,991634377390310,991634360312381,
0,15083939,991634433423720,991634433423720,0,991634434346990,991634434348045,991634435713592,991634435834217,991634444534831,991634434339959,11111111,11111111,991634438458357,991634438704529,991634438928670,991634443155232,991634448555545,26797,970586,991634448555545,991634444338631,991634454982498,991634443155232,
0,15083954,991634466757053,991634466757053,0,991634467703514,991634467704881,991634470458709,991634470556990,991634477868164,991634467699725,11111111,11111111,991634478579451,991634478905857,991634479449725,991634487297732,991634493144568,47969,1275351,991634493144568,991634488803592,991634499807693,991634487297732,
0,15083969,991634566376575,991634566376575,0,991634567711912,991634567712928,991634569658514,991634570039881,991634577487686,991634567705818,11111111,11111111,991634572607537,991634572884529,991634573301014,991634580751482,991634585738670,51680,1143320,991634585738670,991634582137615,991634599354451,991634580751482,
0,15083984,991634588598797,991634588598797,0,991634591687342,991634591688201,991634595061951,991634595204139,991634599709908,991634591681170,11111111,11111111,991634602104256,991634602442068,991634602681248,991634605857498,991634611859256,20703,521211,991634611859256,991634606523553,991634621887146,991634605857498,
0,15083999,991634688315829,991634688315829,0,991634689747420,991634689748787,991634691097146,991634691285623,991634699426940,991634689741482,11111111,11111111,991634693807732,991634694451365,991634694699803,991634698188279,991634703566326,28242,3063320,991634703566326,991634701453396,991634710258435,991634698188279,
0,15084014,991634721649162,991634721649162,0,991634723381717,991634723383318,991634726379295,991634726492068,991634732760273,991634723375271,11111111,11111111,991634733935818,991634734045271,991634734177068,991634735605584,991634741798279,14336,855117,991634741798279,991634736623435,991634754663514,991634735605584,
0,15084029,991634821576671,991634821576671,0,991634823317967,991634823319725,991634824880662,991634824995037,991634832687782,991634823310740,11111111,11111111,991634827348084,991634827616912,991634827854451,991634831187225,991634836689764,28282,2172812,991634836689764,991634833571053,991634843505310,991634831187225,
0,15084044,991634843798893,991634843798893,0,991634845361795,991634845363201,991634848909881,991634849052889,991634854910004,991634845355975,11111111,11111111,991634857227771,991634857436639,991634857718006,991634861512225,991634867353592,28321,716680,991634867353592,991634862420740,991634876844217,991634861512225,
0,15084059,991634943591766,991634943591766,0,991634944928709,991634944930389,991634946315154,991634946438475,991634954702877,991634944922537,11111111,11111111,991634949045271,991634949321678,991634949552381,991634952859998,991634958282537,28906,1754766,991634958282537,991634955081326,991634965951248,991634952859998,
0,15084074,991634976925099,991634976925099,0,991634977876404,991634977877459,991634980790115,991634980907342,991634988036210,991634977870545,11111111,11111111,991634989107810,991634989213357,991634989344998,991634990780935,991634996792225,14570,310586,991634996792225,991634991163592,991635010332928,991634990780935,
0,15084089,991635076838641,991635076838641,0,991635078043006,991635078044334,991635079424334,991635079532967,991635087949752,991635078036209,11111111,11111111,991635082080037,991635082735779,991635082985428,991635086418045,991635091804373,28476,2160195,991635091804373,991635088782928,991635098760662,991635086418045,
0,15084104,991635099060863,991635099060863,0,991635100806404,991635100807732,991635103510818,991635103628123,991635110171974,991635100800623,11111111,11111111,991635113153240,991635113262928,991635113390584,991635114895896,991635120932810,13164,773008,991635120932810,991635115827928,991635132148943,991635114895896,
0,15084119,991635199284579,991635199284579,0,991635200675584,991635200677342,991635202036326,991635202147146,991635210395690,991635200668982,11111111,11111111,991635204647537,991635205089256,991635205329060,991635208805506,991635214205584,29492,884219,991635214205584,991635209885818,991635220822146,991635208805506,
0,15084134,991635232617912,991635232617912,0,991635233937107,991635233938435,991635236817889,991635236941834,991635243729023,991635233931912,11111111,11111111,991635245451834,991635245659256,991635245927303,991635249689060,991635255756482,28672,659453,991635255756482,991635250548201,991635265350662,991635249689060,
0,15084149,991635320982882,991635320982882,0,991635321840818,991635321842303,991635323189568,991635323334412,991635332093993,991635321834373,11111111,11111111,991635325874060,991635326533006,991635326778435,991635330338748,991635335695740,29101,1578321,991635335695740,991635333185350,991635354069373,991635330338748,
0,15084164,991635354316215,991635354316215,0,991635355850623,991635355852068,991635359023748,991635359152264,991635365427326,991635355844139,11111111,11111111,991635366752889,991635366936834,991635367141287,991635369044607,991635375086951,21954,321367,991635375086951,991635369438514,991635387446053,991635369044607,
0,15084179,991635454155477,991635454155477,0,991635455421014,991635455422146,991635456921600,991635457030623,991635465266588,991635455413865,11111111,11111111,991635459449607,991635460210467,991635460439295,991635463670076,991635469093318,29805,2175352,991635469093318,991635466057498,991635476063982,991635463670076,
0,15084194,991635487488810,991635487488810,0,991635489062146,991635489063748,991635491823006,991635491943592,991635498599921,991635489054685,11111111,11111111,991635501192889,991635501739881,991635502128904,991635505701756,991635511363006,29961,1347149,991635511363006,991635507242068,991635520481990,991635505701756,
0,15084209,991635576291593,991635576291593,0,991635577184685,991635577185740,991635578483162,991635578604412,991635587402704,991635577178162,11111111,11111111,991635581090818,991635581359803,991635581585467,991635585079803,991635590504412,28047,1957187,991635590504412,991635587239256,991635598227381,991635585079803,
0,15084224,991635609624926,991635609624926,0,991635610597381,991635610598631,991635613516443,991635613636560,991635620736037,991635610590935,11111111,11111111,991635622344178,991635622534217,991635622743318,991635625932185,991635631809060,20977,558633,991635631809060,991635626665584,991635642625232,991635625932185,
0,15084239,991635709397313,991635709397313,0,991635710220740,991635710222068,991635711595975,991635711721404,991635720508424,991635710214490,11111111,11111111,991635714207576,991635714479021,991635714719295,991635718144725,991635723525818,27969,1614961,991635723525818,991635719982654,991635731900584,991635718144725,
0,15084254,991635742730646,991635742730646,0,991635744311131,991635744312185,991635747125076,991635747250232,991635753841757,991635744305701,11111111,11111111,991635756575271,991635756761287,991635757018045,991635760609334,991635766829412,27539,1439218,991635766829412,991635762252889,991635776180623,991635760609334,
0,15084269,991635831560712,991635831560712,0,991635832520740,991635832521990,991635833937381,991635834043709,991635842671823,991635832513162,11111111,11111111,991635836726678,991635837391600,991635837632146,991635841072107,991635846456443,28399,2072695,991635846456443,991635843373475,991635864800115,991635841072107,
0,15084284,991635864894045,991635864894045,0,991635866629217,991635866630896,991635869569881,991635869690389,991635876005156,991635866622537,11111111,11111111,991635876932810,991635877072185,991635877229178,991635878924295,991635884859060,16523,408320,991635884859060,991635879491678,991635898298084,991635878924295,
0,15084299,991635965233915,991635965233915,0,991635967256170,991635967257185,991635968796053,991635968916092,991635976345026,991635967249021,11111111,11111111,991635971513787,991635972330115,991635972561092,991635975828162,991635981752381,27929,2305469,991635981752381,991635978335740,991635998175115,991635975828162,
0,15084314,991635998567248,991635998567248,0,991635999464764,991635999466131,991636002596365,991636002711131,991636009678359,991635999458982,11111111,11111111,991636010829490,991636011034646,991636011295154,991636013669334,991636019792303,28554,319023,991636019792303,991636014062732,991636031110701,991636013669334,
0,15084329,991636087022335,991636087022335,0,991636089053201,991636089054920,991636090460193,991636090580779,991636098133446,991636089046521,11111111,11111111,991636093158943,991636093795037,991636094036482,991636097471560,991636103163865,28125,902110,991636103163865,991636098578514,991636120301951,991636097471560,
0,15084344,991636120355668,991636120355668,0,991636121316873,991636121318240,991636124134178,991636124253748,991636131466779,991636121311053,11111111,11111111,991636133094607,991636133211170,991636133345350,991636134851678,991636140880310,15195,311055,991636140880310,991636135245037,991636153291912,991636134851678,
0,15084359,991636220397335,991636220397335,0,991636222420389,991636222421678,991636223785232,991636223909295,991636231508446,991636222413318,11111111,11111111,991636226403787,991636227064100,991636227299685,991636230757342,991636236350935,27500,2219883,991636236350935,991636233426482,991636253221092,991636230757342,
0,15084374,991636242619557,991636242619557,0,991636245346600,991636245347576,991636248618943,991636248747264,991636253730668,991636245339060,11111111,11111111,991636257206404,991636257527732,991636257765115,991636261002576,991636266868514,19218,533985,991636266868514,991636261692498,991636275369803,991636261002576,
0,15084389,991636342524171,991636342524171,0,991636343614920,991636343615779,991636345258514,991636345384060,991636353635282,991636343607537,11111111,11111111,991636347807889,991636348455935,991636348918045,991636356738631,991636361900076,53985,1383125,991636361900076,991636358499764,991636375350545,991636356738631,
0,15084404,991636375857504,991636375857504,0,991636377572615,991636377573748,991636380528748,991636380654959,991636386968615,991636377565389,11111111,11111111,991636389501912,991636389755037,991636390410154,991636398402967,991636404287459,57383,1030156,991636404287459,991636399748943,991636419994139,991636398402967,
0,15084419,991636464332201,991636464332201,0,991636465561600,991636465562654,991636466882029,991636466999881,991636475443312,991636465555428,11111111,11111111,991636469650623,991636474566678,991636475022576,991636482423553,991636487595350,52539,1251172,991636487595350,991636484305428,991636497377264,991636482423553,
0,15084434,991636497665534,991636497665534,0,991636498945623,991636498946990,991636501957068,991636502083240,991636508776645,991636498939451,11111111,11111111,991636510262810,991636510897850,991636511544490,991636518907107,991636524845193,54140,1763047,991636524845193,991636520866443,991636541656443,991636518907107,
0,15084449,991636597572765,991636597572765,0,991636599332693,991636599333631,991636600929412,991636601586053,991636608683876,991636599325975,11111111,11111111,991636604264373,991636604561170,991636605006873,991636612956053,991636617875232,51289,2084336,991636617875232,991636616241521,991636630453162,991636612956053,
0,15084464,991636619794987,991636619794987,0,991636622993006,991636622993865,991636625888396,991636626019178,991636630906098,991636622988826,11111111,11111111,991636633743045,991636633917889,991636634374373,991636642356365,991636647856131,38281,1241523,991636647856131,991636643961131,991636663773240,991636642356365,
0,15084479,991636719599484,991636719599484,0,991636720810506,991636720811600,991636721971639,991636722073123,991636730710595,991636720804334,11111111,11111111,991636724178396,991636724800076,991636725024764,991636728416443,991636733967381,26875,1612148,991636733967381,991636730232068,991636741906834,991636728416443,
0,15084494,991636752932817,991636752932817,0,991636753943865,991636753945232,991636756944842,991636757064764,991636764043928,991636753937850,11111111,11111111,991636765287459,991636765489217,991636765691170,991636767128279,991636773168787,14414,307070,991636773168787,991636767507420,991636786203904,991636767128279,
0,15084509,991636852675382,991636852675382,0,991636853940857,991636853941600,991636855294685,991636855413123,991636863786493,991636853933865,11111111,11111111,991636857957771,991636858224725,991636858454490,991636861885310,991636867640857,29571,1561836,991636867640857,991636863650779,991636874694568,991636861885310,
0,15084524,991636874897604,991636874897604,0,991636877252420,991636877253787,991636880350740,991636880478318,991636886008715,991636877248006,11111111,11111111,991636887725701,991636887902732,991636888239334,991636891118318,991636897004646,25507,510235,991636897004646,991636891780584,991636907980154,991636891118318,
0,15084539,991636975240165,991636975240165,0,991636976205076,991636976206131,991636977572928,991636977683943,991636986351276,991636976199178,11111111,11111111,991636980229920,991636980886287,991636981134256,991636984593748,991636989788943,27735,1613789,991636989788943,991636986533201,991636996738553,991636984593748,
0,15084554,991637008573498,991637008573498,0,991637009653709,991637009654842,991637012128435,991637012234334,991637019684609,991637009646521,11111111,11111111,991637019326600,991637019544998,991637019966248,991637021943357,991637027858006,270312,397109,991637027858006,991637022488162,991637041104842,991637021943357,
0,15084569,991637108027899,991637108027899,0,991637109350740,991637109352303,991637110787303,991637110902459,991637119139010,991637109344451,11111111,11111111,991637113494568,991637113770271,991637114000975,991637117421717,991637122964060,29063,1607188,991637122964060,991637119362459,991637130335857,991637117421717,
0,15084584,991637130250121,991637130250121,0,991637131393787,991637131394803,991637134760428,991637134884529,991637141361232,991637131389959,11111111,11111111,991637143356053,991637143550389,991637143820935,991637145810467,991637151890740,28711,723398,991637151890740,991637146692420,991637163307615,991637145810467,
0,15084599,991637230071884,991637230071884,0,991637231330037,991637231331717,991637232828826,991637232945389,991637241182995,991637231323709,11111111,11111111,991637235361912,991637235999842,991637236391404,991637239680154,991637245756600,27109,2237031,991637245756600,991637242115506,991637252372420,991637239680154,
0,15084614,991637263405217,991637263405217,0,991637265069451,991637265070779,991637267816990,991637267954998,991637274516328,991637265062576,11111111,11111111,991637277019139,991637277444646,991637277634021,991637279567654,991637285434412,20508,1247930,991637285434412,991637281001404,991637296394725,991637279567654,
0,15084629,991637352558077,991637352558077,0,991637353893748,991637353895037,991637355290350,991637355402029,991637363669188,991637353887264,11111111,11111111,991637357979178,991637358266951,991637358518514,991637362615623,991637368000310,28711,827812,991637368000310,991637363648904,991637385299881,991637362615623,
0,15084644,991637385891410,991637385891410,0,991637386923162,991637386924607,991637389955389,991637390070818,991637397002521,991637386916873,11111111,11111111,991637398672185,991637398874021,991637399140310,991637402572107,991637408387771,28671,1281914,991637408387771,991637404129725,991637418521131,991637402572107,
0,15084659,991637485705751,991637485705751,0,991637486512810,991637486513748,991637487948787,991637488195154,991637496816862,991637486505740,11111111,11111111,991637490697967,991637490987654,991637491221717,991637494701990,991637500286717,27579,1657852,991637500286717,991637496594217,991637507781053,991637494701990,
0,15084674,991637519039084,991637519039084,0,991637519963709,991637519964803,991637522906600,991637523030506,991637530150195,991637519956873,11111111,11111111,991637532510506,991637532677810,991637532923826,991637536575037,991637542216678,26601,1566094,991637542216678,991637538337107,991637552302850,991637536575037,
0,15084689,991637607522101,991637607522101,0,991637608624998,991637608626287,991637609924959,991637610047928,991637618633212,991637608618553,11111111,11111111,991637612617771,991637612896053,991637613130037,991637616471287,991637621701443,29179,1743633,991637621701443,991637618423084,991637629335115,991637616471287,
0,15084704,991637640855434,991637640855434,0,991637641854529,991637641855584,991637644839998,991637644969725,991637651966545,991637641847654,11111111,11111111,991637653533904,991637653725389,991637654005975,991637657670389,991637663484373,28008,1334961,991637663484373,991637659197459,991637673816678,991637657670389,
0,15084719,991637741114384,991637741114384,0,991637742403357,991637742404451,991637743773123,991637743887342,991637752225495,991637742396014,11111111,11111111,991637746458006,991637746699256,991637746927810,991637750354334,991637755801560,26133,1599102,991637755801560,991637752371365,991637762631717,991637750354334,
0,15084734,991637763336606,991637763336606,0,991637765302342,991637765303396,991637768535896,991637768665818,991637774447717,991637765295740,11111111,11111111,991637775897068,991637776128553,991637776333982,991637777852381,991637783743631,20235,374648,991637783743631,991637778315975,991637795911287,991637777852381,
0,15084749,991637862668446,991637862668446,0,991637863907576,991637863908787,991637865476443,991637865600389,991637873779557,991637863900232,11111111,11111111,991637867975584,991637868738357,991637868986248,991637872358240,991637878073553,27657,2062461,991637878073553,991637874621014,991637884717420,991637872358240,
0,15084764,991637896001779,991637896001779,0,991637896918435,991637896919685,991637899575935,991637899692303,991637907112890,991637896913006,11111111,11111111,991637908693396,991637908859998,991637909053435,991637910988045,991637916913162,20430,563438,991637916913162,991637911734178,991637929071092,991637910988045,
0,15084779,991637995965048,991637995965048,0,991637997240389,991637997241678,991637998647850,991637998764881,991638007076159,991637997234217,11111111,11111111,991638001311560,991638001718631,991638001957498,991638005383943,991638010889764,27735,1531718,991638010889764,991638007236717,991638018230037,991638005383943,
0,15084794,991638018187270,991638018187270,0,991638019524139,991638019525389,991638022525037,991638022642381,991638029298381,991638019517264,11111111,11111111,991638030822889,991638030990506,991638031233943,991638034770154,991638041006678,28320,1170039,991638041006678,991638036208865,991638051264256,991638034770154,
0,15084809,991638118050751,991638118050751,0,991638119306990,991638119308084,991638120915818,991638121031053,991638129161862,991638119300037,11111111,11111111,991638123404139,991638123679021,991638123914842,991638127223279,991638132745545,30040,1643437,991638132745545,991638129068279,991638140335623,991638127223279,
0,15084824,991638151384084,991638151384084,0,991638152468592,991638152469646,991638155288865,991638155401170,991638162495195,991638152461990,11111111,11111111,991638164351287,991638164523865,991638164716951,991638167933201,991638173698553,21719,1098438,991638173698553,991638169221131,991638184341014,991638167933201,
0,15084839,991638240452257,991638240452257,0,991638241790545,991638241791834,991638243156443,991638243266756,991638251563368,991638241783787,11111111,11111111,991638245876131,991638246527967,991638246770389,991638251077771,991638256572264,28047,1167930,991638256572264,991638252760545,991638273277459,991638251077771,
0,15084854,991638273785590,991638273785590,0,991638274793826,991638274795232,991638277810428,991638277933865,991638284896701,991638274787381,11111111,11111111,991638285433904,991638285545271,991638285678943,991638287135389,991638293222576,13438,344922,991638293222576,991638287552771,991638306448748,991638287135389,
0,15084869,991638373668954,991638373668954,0,991638374922420,991638374923514,991638376448982,991638376569373,991638384780065,991638374915115,11111111,11111111,991638379000896,991638379643592,991638379884451,991638383290232,991638388894334,29844,2134687,991638388894334,991638385634725,991638395451834,991638383290232,
0,15084884,991638407002287,991638407002287,0,991638408427654,991638408429021,991638411210701,991638411328084,991638418113398,991638408420896,11111111,11111111,991638420612928,991638420793592,991638421045584,991638424693396,991638430593279,26640,1551445,991638430593279,991638426438435,991638440086053,991638424693396,
0,15084899,991638495499679,991638495499679,0,991638496898357,991638496899412,991638498216443,991638498334373,991638506610790,991638496892068,11111111,11111111,991638500880154,991638501521678,991638501763084,991638505362576,991638510923006,28282,1917109,991638510923006,991638507477420,991638528499295,991638505362576,
0,15084914,991638528833012,991638528833012,0,991638530170896,991638530172732,991638533215271,991638533334295,991638539944123,991638530165037,11111111,11111111,991638541425779,991638541628318,991638541908553,991638545551873,991638551805115,28008,740469,991638551805115,991638546478435,991638562126560,991638545551873,
0,15084929,991638628785165,991638628785165,0,991638629642225,991638629643826,991638631075584,991638631202185,991638639896276,991638629635115,11111111,11111111,991638633824178,991638634091248,991638634324060,991638637786170,991638643225271,27266,1553047,991638643225271,991638639535037,991638650552889,991638637786170,
0,15084944,991638651007387,991638651007387,0,991638652455076,991638652456053,991638655284373,991638655415154,991638662118498,991638652449295,11111111,11111111,991638662003748,991638662104412,991638662489685,991638665677146,991638671359256,22305,1147500,991638671359256,991638666992576,991638683769256,991638665677146,
0,15084959,991638750721515,991638750721515,0,991638751972889,991638751974412,991638753472342,991638753580740,991638761832626,991638751965623,11111111,11111111,991638755917771,991638756555818,991638757006014,991638764574490,991638769866834,53085,803946,991638769866834,991638765580232,991638783729334,991638764574490,
0,15084974,991638784054848,991638784054848,0,991638785403514,991638785404842,991638788440779,991638788561639,991638795165959,991638785397498,11111111,11111111,991638797227654,991638797534920,991638797666795,991638800494803,991638806232264,14493,1071836,991638806232264,991638801737771,991638817079568,991638800494803,
0,15084989,991638872775109,991638872775109,0,991638874020506,991638874021756,991638875350662,991638875464060,991638883886220,991638874014217,11111111,11111111,991638877984842,991638878258006,991638878499764,991638883081287,991638888535154,29610,1359375,991638888535154,991638884653982,991638905869256,991638883081287,
0,15085004,991638906108442,991638906108442,0,991638907150310,991638907151248,991638910089998,991638910211365,991638917219553,991638907144178,11111111,11111111,991638918068943,991638918278631,991638918497654,991638921006053,991638926966404,21445,641054,991638926966404,991638921809451,991638939098592,991638921006053,
0,15085019,991639005951554,991639005951554,0,991639007956639,991639007958006,991639009540662,991639009657928,991639017062665,991639007950115,11111111,11111111,991639012158201,991639012818514,991639013071014,991639016555467,991639021709685,29062,1564023,991639021709685,991639018333592,991639039025740,991639016555467,
0,15085034,991639039284887,991639039284887,0,991639040672889,991639040673904,991639043474803,991639043589295,991639050395998,991639040666951,11111111,11111111,991639052555467,991639052933475,991639053128318,991639055061795,991639061074178,20078,1329023,991639061074178,991639056569685,991639072548670,991639055061795,
0,15085049,991639128091476,991639128091476,0,991639128990076,991639128991482,991639130330467,991639130448709,991639139202587,991639128983592,11111111,11111111,991639132994373,991639133256717,991639133488514,991639137871365,991639143727342,28985,832774,991639143727342,991639138900623,991639150348240,991639137871365,
0,15085064,991639161424809,991639161424809,0,991639162424412,991639162425857,991639165404646,991639165526639,991639172535920,991639162418240,11111111,11111111,991639174142381,991639174334139,991639174588045,991639178277615,991639184054959,29570,1197383,991639184054959,991639179651717,991639194412303,991639178277615,
0,15085079,991639261247960,991639261247960,0,991639262082381,991639262083631,991639263493084,991639263609490,991639272359071,991639262075623,11111111,11111111,991639266143045,991639266414451,991639266647498,991639270035310,991639275785350,30664,1569766,991639275785350,991639271801404,991639283322185,991639270035310,
0,15085094,991639294581293,991639294581293,0,991639295405740,991639295406717,991639298368982,991639298489217,991639305692404,991639295399490,11111111,11111111,991639306524295,991639306713982,991639306989685,991639310746365,991639316465818,27812,619493,991639316465818,991639311538982,991639327983201,991639310746365,
0,15085109,991639383681571,991639383681571,0,991639384951951,991639384952850,991639386336287,991639386448748,991639394792682,991639384945154,11111111,11111111,991639388953396,991639389592810,991639389830662,991639394318475,991639399799412,29219,1625625,991639399799412,991639396263982,991639416405935,991639394318475,
0,15085124,991639417014904,991639417014904,0,991639418365701,991639418366756,991639421310350,991639421438748,991639428126015,991639418359842,11111111,11111111,991639429530037,991639429710975,991639429974373,991639433624646,991639439805350,31133,614883,991639439805350,991639434409060,991639450046248,991639433624646,
0,15085139,991639516655516,991639516655516,0,991639518323240,991639518324256,991639519691443,991639519799021,991639527766627,991639518316131,11111111,11111111,991639522474139,991639523136639,991639523379060,991639526873475,991639532265037,27617,1780977,991639532265037,991639528868396,991639549614021,991639526873475,
0,15085154,991639549988849,991639549988849,0,991639550858318,991639550859959,991639553865271,991639553984100,991639561099960,991639550852420,11111111,11111111,991639562369412,991639562544490,991639562800115,991639566358318,991639572069334,28360,1174102,991639572069334,991639567707654,991639582884021,991639566358318,
0,15085169,991639638628155,991639638628155,0,991639639802810,991639639804295,991639641113826,991639641210818,991639649739266,991639639797146,11111111,11111111,991639643271521,991639643492889,991639643696287,991639647066482,991639652477459,24023,1699102,991639652477459,991639648973318,991639660603631,991639647066482,
0,15085184,991639671961488,991639671961488,0,991639672982342,991639672983435,991639675581912,991639675698631,991639683072599,991639672976053,11111111,11111111,991639684899021,991639685055232,991639685189451,991639686625310,991639692568162,14336,315274,991639692568162,991639687017810,991639705054295,991639686625310,
0,15085199,991639771836241,991639771836241,0,991639773140037,991639773140935,991639774494334,991639774602264,991639782947352,991639773133748,11111111,11111111,991639777113006,991639777378435,991639777608904,991639781036287,991639786404139,28125,1589883,991639786404139,991639782843201,991639793762107,991639781036287,
0,15085214,991639794058463,991639794058463,0,991639796322810,991639796324100,991639799369373,991639799496912,991639805169574,991639796318084,11111111,11111111,991639806259100,991639806363826,991639806520857,991639809686443,991639815473045,21054,538945,991639815473045,991639810386053,991639827059295,991639809686443,
0,15085229,991639893936962,991639893936962,0,991639895210584,991639895211521,991639896720545,991639896844685,991639905048073,991639895203826,11111111,11111111,991639899302693,991639899942576,991639900287264,991639904533279,991639909917732,28750,1942891,991639909917732,991639906670935,991639926964607,991639904533279,
0,15085244,991639927270295,991639927270295,0,991639928568631,991639928570076,991639931185701,991639931301482,991639938381406,991639928563357,11111111,11111111,991639940216248,991639940414139,991639940611795,991639943425310,991639949333396,19571,728320,991639949333396,991639944334607,991639960296287,991639943425310,
0,15085259,991640027095438,991640027095438,0,991640028747928,991640028748943,991640030098787,991640030236756,991640038206549,991640028740545,11111111,11111111,991640032706170,991640032986912,991640033221717,991640036610701,991640041999764,30078,2344492,991640041999764,991640039153123,991640049385662,991640036610701,
0,15085274,991640049317660,991640049317660,0,991640050652928,991640050654334,991640053733279,991640053847615,991640060428771,991640050646521,11111111,11111111,991640061709646,991640061828553,991640061991560,991640065171170,991640071163396,22813,505937,991640071163396,991640065841834,991640082358670,991640065171170,
0,15085289,991640149186827,991640149186827,0,991640150436951,991640150438123,991640151845467,991640151954021,991640160297938,991640150430896,11111111,11111111,991640154438357,991640154824334,991640155060662,991640158435115,991640163976326,29336,1722422,991640163976326,991640160468592,991640171304060,991640158435115,
0,15085304,991640182520160,991640182520160,0,991640183885076,991640183886014,991640186758084,991640186880975,991640193631271,991640183878748,11111111,11111111,991640195987107,991640196536639,991640196756600,991640199945310,991640206274842,20195,1490586,991640206274842,991640201637146,991640215879646,991640199945310,
0,15085319,991640271607882,991640271607882,0,991640272631170,991640272632107,991640273976756,991640274101717,991640282718993,991640272624685,11111111,11111111,991640276706248,991640276984529,991640277216639,991640280907146,991640286244568,26797,1554726,991640286244568,991640282666521,991640304487810,991640280907146,
0,15085334,991640304941215,991640304941215,0,991640306312967,991640306314256,991640309258435,991640309375857,991640316052326,991640306307029,11111111,11111111,991640317388084,991640317498865,991640317656678,991640320792459,991640326763201,21718,1118711,991640326763201,991640322076678,991640337668709,991640320792459,
0,15085349,991640404637391,991640404637391,0,991640405493240,991640405494725,991640406894139,991640407064607,991640415748502,991640405486482,11111111,11111111,991640409754295,991640410017810,991640410245389,991640414330857,991640419722967,29492,875508,991640419722967,991640415410584,991640426422967,991640414330857,
0,15085364,991640437970724,991640437970724,0,991640438931170,991640438932068,991640441854178,991640441967615,991640449081835,991640438924607,11111111,11111111,991640450412029,991640450613514,991640450879803,991640454521092,991640460220467,28203,1208399,991640460220467,991640455902459,991640470856248,991640454521092,
0,15085379,991640526710030,991640526710030,0,991640527570740,991640527572185,991640529170975,991640529293084,991640537821141,991640527564021,11111111,11111111,991640531735115,991640531974646,991640532296600,991640536221600,991640540954451,29258,1518672,991640540954451,991640538154685,991632934378982,991640536221600,
0,15085394,991640560043363,991640560043363,0,991640561065389,991640561066482,991640563784803,991640563931678,991640571154474,991640561058865,11111111,11111111,991640573434803,991640573914021,991640574084256,991640577099295,991640583106131,17656,1208125,991640583106131,991640578485193,991632978769842,991640577099295,
0,15085409,991640659756298,991640659756298,0,991640660707185,991640660709100,991640662088982,991640662209764,991640670867409,991640660700623,11111111,11111111,991640664770154,991640665010232,991640665242850,991640668639334,991640674049334,28789,1638047,991640674049334,991640670491482,991633067955662,991640668639334,
0,15085424,991640693089631,991640693089631,0,991640694044959,991640694046951,991640696973396,991640697096170,991640704200742,991640694039060,11111111,11111111,991640705604451,991640705797771,991640706005154,991640708327146,991640714267342,21250,1298633,991640714267342,991640709810623,991633100888592,991640708327146,
0,15085439,991640781937040,991640781937040,0,991640783216404,991640783217810,991640784766717,991640784875935,991640793048151,991640783209178,11111111,11111111,991640787322264,991640787978982,991640788330428,991640792562029,991640797851795,28477,2130391,991640797851795,991640794899060,991633200918514,991640792562029,
0,15085454,991640815270373,991640815270373,0,991640816943553,991640816944920,991640819778553,991640819908357,991640826381484,991640816937889,11111111,11111111,991640828965740,991640829077537,991640829206560,991640830722420,991640836735818,15352,839492,991640836735818,991640831724334,991633234071131,991640830722420,
---PROFILEDATA---


View hierarchy:

  dev.intervaltablet.benchmark/dev.intervaltablet.MainActivity/android.view.ViewRootImpl@431a814
  16 views, 25,54 kB of render nodes


Total ViewRootImpl   : 1
Total attached Views : 16
Total RenderNode     : 25,54 kB (used) / 57,69 kB (capacity)

  ProcessConfig={1.0 ?mcc0mnc [fr_FR] ldltr sw900dp w1440dp h900dp 320dpi xlrg compactNeeded hdr widecg land finger -keyb/v/h -nav/h winConfig={ mBounds=Rect(0, 0 - 2880, 1800) mAppBounds=Rect(0, 0 - 2880, 1800) mMaxBounds=Rect(0, 0 - 2880, 1800) mDisplayRotation=ROTATION_90 mWindowingMode=fullscreen mActivityType=undefined mAlwaysOnTop=undefined mRotation=ROTATION_90 mStageConfig=undefined mEmbedActivityMode=undefined mPopOver=off mOverlappingWithCutout=false} s.2648 fontWeightAdjustment=0 ff=0 bf=-1 bts=0 cst=1.0 nightDim=-1 themeSeq=0}
  Application ResourcesConfig={1.0 ?mcc0mnc [fr_FR] ldltr sw900dp w1440dp h900dp 320dpi xlrg compactNeeded hdr widecg land finger -keyb/v/h -nav/h winConfig={ mBounds=Rect(0, 0 - 2880, 1800) mAppBounds=Rect(0, 0 - 2880, 1800) mMaxBounds=Rect(0, 0 - 2880, 1800) mDisplayRotation=ROTATION_90 mWindowingMode=fullscreen mActivityType=undefined mAlwaysOnTop=undefined mRotation=ROTATION_90 mStageConfig=undefined mEmbedActivityMode=undefined mPopOver=off mOverlappingWithCutout=false} s.2648 fontWeightAdjustment=0 ff=0 bf=-1 bts=0 cst=1.0 nightDim=-1 themeSeq=0}
