Applications Graphics Acceleration Info:
Uptime: 991703564 Realtime: 1021381434

** Graphics info for pid 18708 [dev.intervaltablet.benchmark] **

Stats since: 991673435585662ns
Total frames rendered: 474
Janky frames: 472 (99.58%)
Janky frames (legacy): 330 (69.62%)
50th percentile: 18ms
90th percentile: 22ms
95th percentile: 23ms
99th percentile: 27ms
Number Missed Vsync: 0
Number High input latency: 0
Number Slow UI thread: 298
Number Slow bitmap uploads: 0
Number Slow issue draw commands: 391
Number Frame deadline missed: 472
Number Frame deadline missed (legacy): 330
HISTOGRAM: 5ms=0 6ms=0 7ms=0 8ms=1 9ms=0 10ms=1 11ms=2 12ms=5 13ms=7 14ms=91 15ms=99 16ms=30 17ms=1 18ms=5 19ms=20 20ms=37 21ms=62 22ms=67 23ms=34 24ms=7 25ms=0 26ms=0 27ms=5 28ms=0 29ms=0 30ms=0 31ms=0 32ms=0 34ms=0 36ms=0 38ms=0 40ms=0 42ms=0 44ms=0 46ms=0 48ms=0 53ms=0 57ms=0 61ms=0 65ms=0 69ms=0 73ms=0 77ms=0 81ms=0 85ms=0 89ms=0 93ms=0 97ms=0 101ms=0 105ms=0 109ms=0 113ms=0 117ms=0 121ms=0 125ms=0 129ms=0 133ms=0 150ms=0 200ms=0 250ms=0 300ms=0 350ms=0 400ms=0 450ms=0 500ms=0 550ms=0 600ms=0 650ms=0 700ms=0 750ms=0 800ms=0 850ms=0 900ms=0 950ms=0 1000ms=0 1050ms=0 1100ms=0 1150ms=0 1200ms=0 1250ms=0 1300ms=0 1350ms=0 1400ms=0 1450ms=0 1500ms=0 1550ms=0 1600ms=0 1650ms=0 1700ms=0 1750ms=0 1800ms=0 1850ms=0 1900ms=0 1950ms=0 2000ms=0 2050ms=0 2100ms=0 2150ms=0 2200ms=0 2250ms=0 2300ms=0 2350ms=0 2400ms=0 2450ms=0 2500ms=0 2550ms=0 2600ms=0 2650ms=0 2700ms=0 2750ms=0 2800ms=0 2850ms=0 2900ms=0 2950ms=0 3000ms=0 3050ms=0 3100ms=0 3150ms=0 3200ms=0 3250ms=0 3300ms=0 3350ms=0 3400ms=0 3450ms=0 3500ms=0 3550ms=0 3600ms=0 3650ms=0 3700ms=0 3750ms=0 3800ms=0 3850ms=0 3900ms=0 3950ms=0 4000ms=0 4050ms=0 4100ms=0 4150ms=0 4200ms=0 4250ms=0 4300ms=0 4350ms=0 4400ms=0 4450ms=0 4500ms=0 4550ms=0 4600ms=0 4650ms=0 4700ms=0 4750ms=0 4800ms=0 4850ms=0 4900ms=0 4950ms=0
50th gpu percentile: 6ms
90th gpu percentile: 7ms
95th gpu percentile: 7ms
99th gpu percentile: 7ms
GPU HISTOGRAM: 1ms=0 2ms=0 3ms=0 4ms=0 5ms=3 6ms=261 7ms=208 8ms=2 9ms=0 10ms=0 11ms=0 12ms=0 13ms=0 14ms=0 15ms=0 16ms=0 17ms=0 18ms=0 19ms=0 20ms=0 21ms=0 22ms=0 23ms=0 24ms=0 25ms=0 4950ms=0

Pipeline=Skia (Vulkan)
Memory policy:
  Max surface area: 5184000
  Max resource usage: 248.83MB (x48)
  Background retention: 50% (altUiHidden = true)
  GPU Context timeout: 10
Contexts: 1 (stopped = 0)
CPU Caches:
  Glyph Cache: 148.50 KB (1 entry)
  Glyph Count: 45 
Total CPU memory usage:
  152067 bytes, 148.50 KB (0.00 bytes is purgeable)
GPU Caches:
  Other:
    TextBlobCache: 57.34 KB (1 entry)
  Image:
    Texture: 64.00 bytes (1 entry)
  Scratch:
    Texture: 2.00 MB (1 entry)
    Buffer Object: 334.38 KB (12 entries)
    Attachment: 0.00 bytes (2 entries)
Total GPU memory usage:
  2498328 bytes, 2.38 MB (128.19 KB is purgeable)

GraphicBufferAllocator buffers:
            Handle |         Size |     W (Stride) x H | Layers |   Format |      Usage | Requestor
0xb4000079de472710 |      unknown | 1800 (   0) x 2880 |      1 |        1 | 0x     b00 | VRI[MainActivity]@4f3dc3c#0(BLAST Consumer)0
0xb4000079de477850 |      unknown | 1800 (   0) x 2880 |      1 |        1 | 0x     b00 | VRI[MainActivity]@4f3dc3c#0(BLAST Consumer)0
0xb4000079de477e90 |      unknown | 1800 (   0) x 2880 |      1 |        1 | 0x     b00 | VRI[MainActivity]@4f3dc3c#0(BLAST Consumer)0
0xb4000079de478e30 |      unknown | 1800 (   0) x 2880 |      1 |        1 | 0x     b00 | VRI[MainActivity]@4f3dc3c#0(BLAST Consumer)0
Total allocated by GraphicBufferAllocator (estimate): 0.00 KB
Imported gralloc buffers:
+ name:VRI[MainActivity]@4f3dc3c#0(BLAST Consumer)0, id:20569663532559279, size:20616.50KiB, w/h:1800x2880, usage: 0xb00, req fmt:1, fourcc/mod:875708993/0, dataspace: 0x8810000, compressed: false
+ name:VRI[MainActivity]@4f3dc3c#0(BLAST Consumer)0, id:20569663532559280, size:20616.50KiB, w/h:1800x2880, usage: 0xb00, req fmt:1, fourcc/mod:875708993/0, dataspace: 0x8810000, compressed: false
+ name:VRI[MainActivity]@4f3dc3c#0(BLAST Consumer)0, id:20569663532559278, size:20616.50KiB, w/h:1800x2880, usage: 0xb00, req fmt:1, fourcc/mod:875708993/0, dataspace: 0x8810000, compressed: false
+ name:VRI[MainActivity]@4f3dc3c#0(BLAST Consumer)0, id:20569663532559277, size:20616.50KiB, w/h:1800x2880, usage: 0xb00, req fmt:1, fourcc/mod:875708993/0, dataspace: 0x8810000, compressed: false
Total imported by gralloc: 82466.00KiB

Profile data in ms:

	dev.intervaltablet.benchmark/dev.intervaltablet.MainActivity/android.view.ViewRootImpl@431a814 (visibility=0)
Window: dev.intervaltablet.benchmark/dev.intervaltablet.MainActivity
Stats since: 991673435585115ns
Total frames rendered: 474
Janky frames: 472 (99.58%)
Janky frames (legacy): 330 (69.62%)
50th percentile: 18ms
90th percentile: 22ms
95th percentile: 23ms
99th percentile: 27ms
Number Missed Vsync: 0
Number High input latency: 0
Number Slow UI thread: 298
Number Slow bitmap uploads: 0
Number Slow issue draw commands: 391
Number Frame deadline missed: 472
Number Frame deadline missed (legacy): 330
HISTOGRAM: 5ms=0 6ms=0 7ms=0 8ms=1 9ms=0 10ms=1 11ms=2 12ms=5 13ms=7 14ms=91 15ms=99 16ms=30 17ms=1 18ms=5 19ms=20 20ms=37 21ms=62 22ms=67 23ms=34 24ms=7 25ms=0 26ms=0 27ms=5 28ms=0 29ms=0 30ms=0 31ms=0 32ms=0 34ms=0 36ms=0 38ms=0 40ms=0 42ms=0 44ms=0 46ms=0 48ms=0 53ms=0 57ms=0 61ms=0 65ms=0 69ms=0 73ms=0 77ms=0 81ms=0 85ms=0 89ms=0 93ms=0 97ms=0 101ms=0 105ms=0 109ms=0 113ms=0 117ms=0 121ms=0 125ms=0 129ms=0 133ms=0 150ms=0 200ms=0 250ms=0 300ms=0 350ms=0 400ms=0 450ms=0 500ms=0 550ms=0 600ms=0 650ms=0 700ms=0 750ms=0 800ms=0 850ms=0 900ms=0 950ms=0 1000ms=0 1050ms=0 1100ms=0 1150ms=0 1200ms=0 1250ms=0 1300ms=0 1350ms=0 1400ms=0 1450ms=0 1500ms=0 1550ms=0 1600ms=0 1650ms=0 1700ms=0 1750ms=0 1800ms=0 1850ms=0 1900ms=0 1950ms=0 2000ms=0 2050ms=0 2100ms=0 2150ms=0 2200ms=0 2250ms=0 2300ms=0 2350ms=0 2400ms=0 2450ms=0 2500ms=0 2550ms=0 2600ms=0 2650ms=0 2700ms=0 2750ms=0 2800ms=0 2850ms=0 2900ms=0 2950ms=0 3000ms=0 3050ms=0 3100ms=0 3150ms=0 3200ms=0 3250ms=0 3300ms=0 3350ms=0 3400ms=0 3450ms=0 3500ms=0 3550ms=0 3600ms=0 3650ms=0 3700ms=0 3750ms=0 3800ms=0 3850ms=0 3900ms=0 3950ms=0 4000ms=0 4050ms=0 4100ms=0 4150ms=0 4200ms=0 4250ms=0 4300ms=0 4350ms=0 4400ms=0 4450ms=0 4500ms=0 4550ms=0 4600ms=0 4650ms=0 4700ms=0 4750ms=0 4800ms=0 4850ms=0 4900ms=0 4950ms=0
50th gpu percentile: 6ms
90th gpu percentile: 7ms
95th gpu percentile: 7ms
99th gpu percentile: 7ms
GPU HISTOGRAM: 1ms=0 2ms=0 3ms=0 4ms=0 5ms=3 6ms=261 7ms=208 8ms=2 9ms=0 10ms=0 11ms=0 12ms=0 13ms=0 14ms=0 15ms=0 16ms=0 17ms=0 18ms=0 19ms=0 20ms=0 21ms=0 22ms=0 23ms=0 24ms=0 25ms=0 4950ms=0



---PROFILEDATA---
Flags,FrameTimelineVsyncId,IntendedVsync,Vsync,InputEventId,HandleInputStart,AnimationStart,PerformTraversalsStart,DrawStart,FrameDeadline,FrameStartTime,FrameInterval,WorkloadTarget,SyncQueued,SyncStart,IssueDrawCommandsStart,SwapBuffers,FrameCompleted,DequeueBufferDuration,QueueBufferDuration,GpuCompleted,SwapBuffersCompleted,DisplayPresentTime,CommandSubmissionCompleted,
0,15099416,991695956580226,991695956580226,0,991695958600232,991695958601521,991695959932068,991695960201482,991695967691337,991695958593045,11111111,11111111,991695962680115,991695963381053,991695963623748,991695967039256,991695973279412,25273,1527695,991695973279412,991695968768201,991695989525701,991695967039256,
0,15099431,991695989913559,991695989913559,0,991695990918943,991695990919959,991695993554959,991695993674646,991696001024670,991695990914607,11111111,11111111,991696001499256,991696001611248,991696001782537,991696004849256,991696010664490,21407,674688,991696010664490,991696005692381,991696022852068,991696004849256,
0,15099446,991696089777882,991696089777882,0,991696090658318,991696090659295,991696092229920,991696092336873,991696100888993,991696090651600,11111111,11111111,991696094781990,991696095058240,991696095280779,991696098747185,991696104149295,27774,1566289,991696104149295,991696100516209,991696111819803,991696098747185,
0,15099461,991696123111215,991696123111215,0,991696123979998,991696123981404,991696126935857,991696127061756,991696134222326,991696123974139,11111111,11111111,991696136723982,991696136895740,991696137130623,991696140684021,991696146730350,21016,1370781,991696146730350,991696142247850,991696156314881,991696140684021,
0,15099476,991696211747921,991696211747921,0,991696212646990,991696212648592,991696214030115,991696214145350,991696222859032,991696212640037,11111111,11111111,991696216746248,991696217014959,991696217255506,991696220574568,991696225961365,27227,1575195,991696225961365,991696222358631,991696233829334,991696220574568,
0,15099491,991696245081254,991696245081254,0,991696246146092,991696246147615,991696249143904,991696249299998,991696256192365,991696246139842,11111111,11111111,991696257554100,991696257667107,991696257832771,991696261022381,991696267146248,21250,1117500,991696267146248,991696262309256,991696278267264,991696261022381,
0,15099506,991696345153134,991696345153134,0,991696346017615,991696346018787,991696347413943,991696347535506,991696356264245,991696346011014,11111111,11111111,991696350071834,991696350889412,991696351360740,991696359123357,991696364740232,53828,1351562,991696364740232,991696360715154,991696378472928,991696359123357,
0,15099521,991696367375356,991696367375356,0,991696370266092,991696370267264,991696373379178,991696373518357,991696378486467,991696370259685,11111111,11111111,991696381340154,991696381506717,991696381921990,991696388877303,991696394811287,34531,1451133,991696394811287,991696390674607,991696411437185,991696388877303,
0,15099536,991696467162665,991696467162665,0,991696468213670,991696468215076,991696469649178,991696469761131,991696478273776,991696468207498,11111111,11111111,991696472818240,991696473067146,991696473309685,991696476640115,991696482753709,27539,1424883,991696482753709,991696478261834,991696489588904,991696476640115,
0,15099551,991696500495998,991696500495998,0,991696501610662,991696501611560,991696504463826,991696504583709,991696511607109,991696501604100,11111111,11111111,991696513074803,991696513190701,991696513322185,991696514736482,991696520635428,14765,353359,991696520635428,991696515168318,991696533629021,991696514736482,
0,15099566,991696600695148,991696600695148,0,991696601591834,991696601593553,991696603058201,991696603173670,991696611806259,991696601585350,11111111,11111111,991696605744764,991696606011951,991696606237303,991696609637420,991696615995818,28359,1466680,991696615995818,991696611308592,991696622409920,991696609637420,
0,15099581,991696622917370,991696622917370,0,991696624392459,991696624393904,991696627428631,991696627589998,991696634028481,991696624388396,11111111,11111111,991696635409685,991696635597068,991696635803553,991696637543435,991696643404217,21250,361875,991696643404217,991696637993709,991696655618787,991696637543435,
0,15099596,991696722922235,991696722922235,0,991696725059451,991696725060154,991696726462303,991696726572068,991696734033346,991696725053631,11111111,11111111,991696729236678,991696729497381,991696729730310,991696733091443,991696739076404,26914,1477187,991696739076404,991696734766521,991696755463357,991696733091443,
0,15099611,991696756255568,991696756255568,0,991696757510428,991696757511912,991696760404060,991696760524373,991696767366679,991696757504607,11111111,11111111,991696768943787,991696769050935,991696769184529,991696770642889,991696776523631,13867,798398,991696776523631,991696771599685,991696788751053,991696770642889,
0,15099626,991696855743251,991696855743251,0,991696857018943,991696857020584,991696858323670,991696858434881,991696866854362,991696857012342,11111111,11111111,991696861073553,991696861322537,991696861556912,991696864985662,991696870956131,28203,1516289,991696870956131,991696866708475,991696877980310,991696864985662,
0,15099641,991696877965473,991696877965473,0,991696878883084,991696878884178,991696881851287,991696881969139,991696889076584,991696878877225,11111111,11111111,991696890233201,991696890430584,991696890670037,991696894255975,991696899953357,25039,1151679,991696899953357,991696895572928,991696910890818,991696894255975,
0,15099656,991696977685577,991696977685577,0,991696979050584,991696979051873,991696980672771,991696980787498,991696988796688,991696979043396,11111111,11111111,991696983265310,991696983549998,991696983776834,991696987141639,991696993473514,26485,2318906,991696993473514,991696989649998,991696999717576,991696987141639,
0,15099671,991697011018910,991697011018910,0,991697012488475,991697012490193,991697015199607,991697015323396,991697022130021,991697012482693,11111111,11111111,991697024819725,991697025365975,991697025758240,991697027911014,991697033994139,28242,1444375,991697033994139,991697029540662,991697044048240,991697027911014,
0,15099686,991697100202530,991697100202530,0,991697101126443,991697101127498,991697102456990,991697102573709,991697111313641,991697101119646,11111111,11111111,991697105142928,991697105425779,991697105653357,991697109704021,991697114489959,28672,825351,991697114489959,991697110730076,991697121763670,991697109704021,
0,15099701,991697133535863,991697133535863,0,991697134506756,991697134508162,991697137457771,991697137582029,991697144646974,991697134501482,11111111,11111111,991697145869842,991697145986209,991697146143045,991697149273045,991697155341521,22187,1131992,991697155341521,991697150569529,991697166159060,991697149273045,
0,15099716,991697233050907,991697233050907,0,991697233880584,991697233881717,991697235209725,991697235324021,991697244162018,991697233874842,11111111,11111111,991697237879334,991697238148748,991697238375428,991697241744295,991697248065428,26758,1468516,991697248065428,991697243412342,991697255320037,991697241744295,
0,15099731,991697266384240,991697266384240,0,991697267276521,991697267277654,991697270279881,991697270395076,991697277495351,991697267270076,11111111,11111111,991697278022498,991697278424060,991697278734295,991697282422264,991697288214490,29492,656250,991697288214490,991697283246756,991697299355623,991697282422264,
0,15099746,991697355097001,991697355097001,0,991697356379646,991697356381209,991697357764529,991697357886365,991697366208112,991697356372810,11111111,11111111,991697360499178,991697360753592,991697361093123,991697365090428,991697371393396,27422,770351,991697371393396,991697366052459,991697388251834,991697365090428,
0,15099761,991697388430334,991697388430334,0,991697389403826,991697389404842,991697392382615,991697392509217,991697399541445,991697389397537,11111111,11111111,991697400904646,991697401011873,991697401155545,991697402617850,991697408955154,13711,304766,991697408955154,991697402992654,991697421953865,991697402617850,
0,15099776,991697488653368,991697488653368,0,991697489975623,991697489977029,991697491422303,991697491541014,991697499764479,991697489968787,11111111,11111111,991697494196756,991697494832381,991697495080232,991697498510818,991697504778279,25508,2385821,991697504778279,991697501086209,991697510683631,991697498510818,
0,15099791,991697521986701,991697521986701,0,991697523012029,991697523013162,991697525883279,991697526025428,991697533097812,991697523005935,11111111,11111111,991697533465975,991697533573240,991697533705232,991697536546795,991697542348787,14258,533047,991697542348787,991697537242420,991697554622264,991697536546795,
0,15099806,991697610474054,991697610474054,0,991697611435935,991697611437342,991697612969920,991697613086443,991697621585165,991697611428396,11111111,11111111,991697615527342,991697615789139,991697616218318,991697620726482,991697626592068,29336,1744961,991697626592068,991697622721014,991697643874373,991697620726482,
0,15099821,991697643807387,991697643807387,0,991697645132225,991697645133475,991697647792498,991697647917850,991697654918498,991697645126404,11111111,11111111,991697656943201,991697657056834,991697657239021,991697660374100,991697666688553,21484,505859,991697666688553,991697661073787,991697676749529,991697660374100,
0,15099836,991697744016962,991697744016962,0,991697745308670,991697745309568,991697746756053,991697746869725,991697755128073,991697745302146,11111111,11111111,991697749422498,991697749768553,991697749991482,991697753384100,991697759265115,24023,1498593,991697759265115,991697755084217,991697765973162,991697753384100,
0,15099851,991697766239184,991697766239184,0,991697768989685,991697768991131,991697772230389,991697772358475,991697777350295,991697768986131,11111111,11111111,991697779700545,991697779882654,991697780243631,991697783499451,991697790043631,29375,611719,991697790043631,991697784281053,991697798858865,991697783499451,
0,15099866,991697866096593,991697866096593,0,991697866926014,991697866927459,991697868553670,991697868666443,991697877207704,991697866919568,11111111,11111111,991697871106521,991697871354920,991697871582576,991697874956092,991697880910271,27578,1484336,991697880910271,991697876637850,991697888204725,991697874956092,
0,15099881,991697899429926,991697899429926,0,991697900491717,991697900493357,991697903170975,991697903286404,991697910541037,991697900485037,11111111,11111111,991697912556678,991697912715584,991697912987537,991697916531443,991697923107732,25000,1358594,991697923107732,991697918087264,991697932141209,991697916531443,
0,15099896,991697999306493,991697999306493,0,991698000315232,991698000316600,991698001693631,991698001811834,991698010417604,991698000308982,11111111,11111111,991698004464764,991698004730350,991698004956951,991698008315740,991698013862928,26992,1586367,991698013862928,991698010102810,991698020995896,991698008315740,
0,15099911,991698021528715,991698021528715,0,991698023440857,991698023441912,991698027111521,991698027249100,991698032639826,991698023433748,11111111,11111111,991698035234998,991698035430271,991698035686951,991698037731600,991698043576443,28437,359570,991698043576443,991698038168045,991698054141795,991698037731600,
0,15099926,991698121538056,991698121538056,0,991698123562693,991698123564139,991698125055037,991698125159334,991698132649167,991698123555935,11111111,11111111,991698127613279,991698127997615,991698128321482,991698131476209,991698136854725,29726,1638282,991698136854725,991698133322537,991698154048748,991698131476209,
0,15099941,991698154871389,991698154871389,0,991698155755896,991698155756795,991698158790584,991698158922771,991698165982500,991698155749529,11111111,11111111,991698167876170,991698168122420,991698168419295,991698172126560,991698177975818,28008,1383906,991698177975818,991698173703006,991698187330154,991698172126560,
0,15099956,991698254329227,991698254329227,0,991698255605389,991698255606365,991698257579607,991698257702615,991698265440338,991698255597615,11111111,11111111,991698260442029,991698260721404,991698260954646,991698264396873,991698270348006,26836,687500,991698270348006,991698265263162,991698287730975,991698264396873,
0,15099971,991698276551449,991698276551449,0,991698278545701,991698278546834,991698281739725,991698281868631,991698287662560,991698278539803,11111111,11111111,991698290564451,991698290764920,991698291024139,991698294753592,991698300466365,28516,797422,991698300466365,991698295727303,991698309396951,991698294753592,
0,15099986,991698376270968,991698376270968,0,991698377456639,991698377458318,991698378873084,991698378989607,991698387382079,991698377450076,11111111,11111111,991698381695584,991698381964842,991698382194373,991698385573475,991698391683787,27110,1470781,991698391683787,991698387256326,991698398679529,991698385573475,
0,15100001,991698409604301,991698409604301,0,991698410523240,991698410523904,991698413451717,991698413574646,991698420715412,991698410517146,11111111,11111111,991698422477068,991698422673318,991698422935896,991698426581053,991698432709100,26836,1192539,991698432709100,991698427947146,991698442622889,991698426581053,
0,15100016,991698498842084,991698498842084,0,991698499749529,991698499750857,991698501646170,991698501771209,991698509953195,991698499742732,11111111,11111111,991698504680701,991698504933396,991698505150857,991698508368123,991698513379100,22656,610507,991698513379100,991698509160154,991698520311990,991698508368123,
0,15100031,991698532175417,991698532175417,0,991698533189920,991698533191248,991698536190467,991698536307967,991698543286528,991698533183709,11111111,11111111,991698545086678,991698545276600,991698545546482,991698549256326,991698555353396,28711,1495664,991698555353396,991698550950506,991698564689334,991698549256326,
0,15100046,991698632012860,991698632012860,0,991698633580935,991698633582264,991698635309100,991698635428709,991698643123971,991698633574803,11111111,11111111,991698638092381,991698638332107,991698638556990,991698641949256,991698648447225,25000,648945,991698648447225,991698642782654,991698664634881,991698641949256,
0,15100061,991698665346193,991698665346193,0,991698666620935,991698666621912,991698670160896,991698670475779,991698676457304,991698666613982,11111111,11111111,991698677829178,991698677937342,991698678086404,991698681299451,991698687092264,21367,666641,991698687092264,991698682128592,991698697865389,991698681299451,
0,15100076,991698753645321,991698753645321,0,991698754993162,991698754994529,991698756566053,991698756674060,991698764756432,991698754986951,11111111,11111111,991698759094139,991698759439568,991698759668553,991698763785037,991698770016521,28516,940820,991698770016521,991698765416834,991698787192303,991698763785037,
0,15100091,991698786978654,991698786978654,0,991698788396912,991698788397850,991698791173240,991698791295389,991698798089765,991698788390428,11111111,11111111,991698799773006,991698800304334,991698800671560,991698802505037,991698808407225,24531,1048906,991698808407225,991698803727537,991698819930115,991698802505037,
0,15100106,991698886857101,991698886857101,0,991698887700037,991698887701326,991698889232029,991698889345115,991698897968212,991698887693943,11111111,11111111,991698891769607,991698892123201,991698892350076,991698895582732,991698901495896,29257,1639336,991698901495896,991698897437264,991698908864100,991698895582732,
0,15100121,991698920190434,991698920190434,0,991698921693162,991698921694998,991698924665740,991698924786014,991698931301545,991698921686756,11111111,11111111,991698933509256,991698933698553,991698933960740,991698937877537,991698944040428,30586,766602,991698944040428,991698938819959,991698953176404,991698937877537,
0,15100136,991699009414523,991699009414523,0,991699010328865,991699010330857,991699011707107,991699011817185,991699020525634,991699010322654,11111111,11111111,991699014385389,991699014745935,991699014970935,991699018510076,991699024632225,26484,1331641,991699024632225,991699021371482,991699031366404,991699018510076,
0,15100151,991699042747856,991699042747856,0,991699044246443,991699044247771,991699046990115,991699047118670,991699053858967,991699044240857,11111111,11111111,991699055330975,991699055510428,991699055748631,991699058080310,991699064008787,26562,542226,991699064008787,991699058798123,991699075251678,991699058080310,
0,15100166,991699142197431,991699142197431,0,991699143075818,991699143077264,991699144637107,991699144761873,991699153308542,991699143069060,11111111,11111111,991699147102615,991699147375818,991699147603826,991699150986092,991699157067967,27618,1611016,991699157067967,991699152790076,991699163928982,991699150986092,
0,15100181,991699164419653,991699164419653,0,991699165464373,991699165465310,991699167699842,991699167789060,991699175530764,991699165459334,11111111,11111111,991699177025389,991699177132810,991699177309139,991699180468553,991699186118006,21016,1140976,991699186118006,991699181772185,991699197291873,991699180468553,
0,15100196,991699264699735,991699264699735,0,991699265514295,991699265515350,991699266925779,991699267044060,991699275810846,991699265507654,11111111,11111111,991699269634764,991699269899568,991699270121131,991699273574607,991699279928006,26484,1543555,991699279928006,991699275318514,991699286637693,991699273574607,
0,15100211,991699298033068,991699298033068,0,991699298981600,991699298982928,991699302002771,991699302116639,991699309144179,991699298975310,11111111,11111111,991699310534998,991699310732459,991699310939021,991699313668748,991699319669842,21836,573985,991699319669842,991699314416014,991699330558943,991699313668748,
0,15100226,991699397262313,991699397262313,0,991699398191639,991699398193553,991699399641873,991699399754490,991699408373424,991699398184529,11111111,11111111,991699402342693,991699402610271,991699402842928,991699406413631,991699411741209,28555,1771953,991699411741209,991699408552146,991699419308670,991699406413631,
0,15100241,991699419484535,991699419484535,0,991699420896951,991699420898318,991699423645818,991699423767420,991699430595646,991699420891951,11111111,11111111,991699431645193,991699431856014,991699432198475,991699435605662,991699441418162,24883,1320703,991699441418162,991699437102264,991699452614178,991699435605662,
0,15100256,991699519971024,991699519971024,0,991699521595037,991699521595975,991699522955975,991699523067576,991699531082135,991699521587810,11111111,11111111,991699525650584,991699525929607,991699526160975,991699529575857,991699535336482,27188,2205195,991699535336482,991699531968904,991699541498045,991699529575857,
0,15100271,991699553304357,991699553304357,0,991699554703396,991699554704959,991699557790975,991699557912459,991699564415468,991699554696248,11111111,11111111,991699565697185,991699565813631,991699565944803,991699567428396,991699573294959,13047,891914,991699573294959,991699568481053,991699585813553,991699567428396,
0,15100286,991699641530890,991699641530890,0,991699642473670,991699642474998,991699643817029,991699643931131,991699652642001,991699642467576,11111111,11111111,991699646519529,991699646775701,991699647011092,991699651083748,991699657030232,25742,847344,991699657030232,991699652596521,991699663501209,991699651083748,
0,15100301,991699674864223,991699674864223,0,991699675886756,991699675887810,991699678855506,991699679009139,991699685975334,991699675880584,11111111,11111111,991699687465701,991699687955701,991699688366717,991699690224842,991699696108787,24180,1027695,991699696108787,991699691423475,991699707893045,991699690224842,
0,15100316,991699774831376,991699774831376,0,991699775654920,991699775656326,991699777212381,991699777329451,991699785942487,991699775648514,11111111,11111111,991699779665350,991699779937850,991699780373787,991699783544373,991699789606248,27773,1660508,991699789606248,991699785400506,991699796733865,991699783544373,
0,15100331,991699797053598,991699797053598,0,991699800288357,991699800289764,991699803396287,991699803531053,991699808164709,991699800282498,11111111,11111111,991699811227810,991699811432928,991699811702654,991699813885389,991699819765818,28477,322148,991699819765818,991699814279529,991699830078162,991699813885389,
0,15100346,991699896834540,991699896834540,0,991699897772107,991699897773084,991699899064685,991699899173865,991699907945651,991699897765467,11111111,11111111,991699901717967,991699901966131,991699902193435,991699905623865,991699911957029,25898,1422383,991699911957029,991699907239842,991699919288943,991699905623865,
0,15100361,991699930167873,991699930167873,0,991699931124100,991699931125350,991699934091717,991699934249646,991699941278984,991699931117303,11111111,11111111,991699941969256,991699942180857,991699942385115,991699944846482,991699950690935,19766,545351,991699950690935,991699945566717,991699963215467,991699944846482,
0,15100376,991700030067196,991700030067196,0,991700030867146,991700030868435,991700032312967,991700032433982,991700041178307,991700030860545,11111111,11111111,991700034861560,991700035125662,991700035359920,991700038774959,991700045055975,25820,1562344,991700045055975,991700040532615,991700052215154,991700038774959,
0,15100391,991700052289418,991700052289418,0,991700054322928,991700054323943,991700057907654,991700058046717,991700063400529,991700054316365,11111111,11111111,991700065620584,991700065719568,991700065861834,991700069069060,991700074853709,19531,521094,991700074853709,991700069750662,991700085266678,991700069069060,
0,15100406,991700152622274,991700152622274,0,991700153845623,991700153846521,991700155159529,991700155266873,991700163733385,991700153839451,11111111,11111111,991700157826014,991700158088826,991700158319685,991700161665584,991700167724764,26250,1510195,991700167724764,991700163380310,991700174588435,991700161665584,
0,15100421,991700185955607,991700185955607,0,991700187304920,991700187305818,991700190273475,991700190391326,991700197066718,991700187298943,11111111,11111111,991700198662264,991700198856404,991700199116170,991700202612576,991700208276170,28399,1145391,991700208276170,991700203931092,991700218322850,991700202612576,
0,15100436,991700285548485,991700285548485,0,991700286371678,991700286372889,991700287737146,991700287858631,991700296659596,991700286364920,11111111,11111111,991700290465310,991700290717029,991700290945115,991700294305584,991700300426131,26758,1568203,991700300426131,991700296187029,991700307781404,991700294305584,
0,15100451,991700307770707,991700307770707,0,991700308916209,991700308917615,991700311623553,991700311739607,991700318881818,991700308910310,11111111,11111111,991700318690506,991700318866639,991700319547967,991700321482615,991700327342693,29102,747735,991700327342693,991700322378045,991700340567264,991700321482615,
0,15100466,991700407921766,991700407921766,0,991700408824217,991700408825662,991700410196560,991700410310779,991700419032877,991700408816990,11111111,11111111,991700412858865,991700413124412,991700413346443,991700416741990,991700422439920,27656,1475703,991700422439920,991700418428396,991700429339607,991700416741990,
0,15100481,991700441255099,991700441255099,0,991700442212303,991700442213670,991700445181756,991700445328904,991700452366210,991700442206482,11111111,11111111,991700453998709,991700454182537,991700454442693,991700458285154,991700464172420,28555,1272227,991700464172420,991700459736912,991700474233670,991700458285154,
0,15100496,991700530003624,991700530003624,0,991700530710662,991700530711795,991700532633514,991700532755662,991700541114735,991700530704100,11111111,11111111,991700535273631,991700535545271,991700535770350,991700539072029,991700544547928,26562,1402812,991700544547928,991700540662889,991700551978631,991700539072029,
0,15100511,991700563336957,991700563336957,0,991700564412107,991700564413631,991700567166521,991700567291717,991700574448068,991700564405623,11111111,11111111,991700576504295,991700576676834,991700576858670,991700578785662,991700584713084,19101,1070820,991700584713084,991700580192693,991700595851717,991700578785662,
0,15100526,991700662672938,991700662672938,0,991700663920467,991700663921678,991700665431092,991700665542459,991700673784049,991700663913435,11111111,11111111,991700667955271,991700668232576,991700668466756,991700671675115,991700678099725,24844,1662539,991700678099725,991700673527498,991700684885467,991700671675115,
0,15100541,991700696006271,991700696006271,0,991700697338435,991700697339451,991700700283514,991700700404256,991700707117382,991700697331717,11111111,11111111,991700709010232,991700709119842,991700709277107,991700712474295,991700718082342,21523,551406,991700718082342,991700713183553,991700729019529,991700712474295,
0,15100556,991700785311962,991700785311962,0,991700786293709,991700786295310,991700787655662,991700787776521,991700796423073,991700786287732,11111111,11111111,991700790343748,991700790615818,991700790843201,991700795169490,991700801364920,27852,780821,991700801364920,991700796313396,991700807095818,991700795169490,
0,15100571,991700818645295,991700818645295,0,991700819658006,991700819659568,991700822589646,991700822719451,991700829756406,991700819654100,11111111,11111111,991700830825701,991700831010545,991700831198748,991700833971053,991700839800740,19024,737266,991700839800740,991700834900857,991700851127537,991700833971053,
0,15100586,991700918218798,991700918218798,0,991700919034764,991700919036209,991700920574100,991700920701209,991700929329909,991700919027967,11111111,11111111,991700923103553,991700923377068,991700923602498,991700926969725,991700933150701,27188,1681328,991700933150701,991700928852889,991700940373435,991700926969725,
0,15100601,991700951552131,991700951552131,0,991700952554881,991700952556404,991700955391600,991700955511248,991700962663242,991700952548475,11111111,11111111,991700964870779,991700965215857,991700965457303,991700968653123,991700974862615,21250,1036680,991700974862615,991700969859920,991700984377225,991700968653123,
0,15100616,991701040429149,991701040429149,0,991701041354256,991701041355740,991701042701209,991701042826326,991701051540260,991701041347850,11111111,11111111,991701045497771,991701045751756,991701045987928,991701050042029,991701055067889,26836,1164649,991701055067889,991701051422185,991701062032576,991701050042029,
0,15100631,991701073762482,991701073762482,0,991701074713084,991701074713904,991701077674842,991701077796482,991701084873593,991701074706560,11111111,11111111,991701085660154,991701085763045,991701085919568,991701089027732,991701094836717,20196,1056328,991701094836717,991701090244295,991701106426404,991701089027732,
0,15100646,991701173706766,991701173706766,0,991701174560037,991701174561482,991701175964803,991701176243553,991701184817877,991701174553631,11111111,11111111,991701178555389,991701178832381,991701179057654,991701182471014,991701188312732,26055,1698750,991701188312732,991701184371053,991701195699295,991701182471014,
0,15100661,991701195928988,991701195928988,0,991701197722967,991701197724217,991701200579646,991701200699256,991701207040099,991701197716600,11111111,11111111,991701209120350,991701209225506,991701209372459,991701212912107,991701218772225,21602,542071,991701218772225,991701213605584,991701228545857,991701212912107,
0,15100676,991701295365907,991701295365907,0,991701296649021,991701296650389,991701297967889,991701298120037,991701306477018,991701296642537,11111111,11111111,991701300638084,991701300912498,991701301152225,991701304577771,991701309914217,29336,1262969,991701309914217,991701306033826,991701317831404,991701304577771,
0,15100691,991701328699240,991701328699240,0,991701329692537,991701329693865,991701332540115,991701332661248,991701339810351,991701329685623,11111111,11111111,991701341682537,991701341893631,991701342162615,991701346019490,991701351689021,28125,1447265,991701351689021,991701347667576,991701361682889,991701346019490,
0,15100706,991701417921515,991701417921515,0,991701419310271,991701419311170,991701420793006,991701420915389,991701429032626,991701419303318,11111111,11111111,991701423496365,991701424247850,991701424493592,991701428530076,991701434007303,25820,1694453,991701434007303,991701430424959,991701450539764,991701428530076,
0,15100721,991701451254848,991701451254848,0,991701452688162,991701452689529,991701455407225,991701455524803,991701462365959,991701452681756,11111111,11111111,991701464588748,991701464949842,991701465290037,991701466870154,991701472783592,21601,771914,991701472783592,991701467803514,991701483830389,991701466870154,
0,15100736,991701551164735,991701551164735,0,991701552658982,991701552660350,991701554121951,991701554245467,991701562275846,991701552653240,11111111,11111111,991701556776560,991701557043826,991701557270779,991701560721365,991701566831326,29023,1723632,991701566831326,991701562662146,991701573085896,991701560721365,
0,15100751,991701584498068,991701584498068,0,991701585357615,991701585358748,991701588265389,991701588385232,991701595609179,991701585351912,11111111,11111111,991701597349100,991701597540701,991701597776443,991701601481326,991701607436678,21523,1289375,991701607436678,991701602956404,991701617013162,991701601481326,
0,15100766,991701672761984,991701672761984,0,991701673611482,991701673612576,991701674962303,991701675087732,991701683873095,991701673605037,11111111,11111111,991701677698318,991701677952537,991701678181873,991701681645545,991701687928201,28672,1399804,991701687928201,991701683243279,991701695197771,991701681645545,
0,15100781,991701706095317,991701706095317,0,991701707031287,991701707032303,991701710037264,991701710153396,991701717206428,991701707024568,11111111,11111111,991701717727342,991701717836092,991701717994256,991701721151678,991701726958006,22812,1020508,991701726958006,991701722334021,991701739064060,991701721151678,
0,15100796,991701806419227,991701806419227,0,991701807260467,991701807262381,991701808805389,991701808923553,991701817530338,991701807253748,11111111,11111111,991701811342654,991701811611482,991701811844607,991701815233084,991701821125701,26602,1645898,991701821125701,991701817080193,991701828444685,991701815233084,
0,15100811,991701828641449,991701828641449,0,991701831354920,991701831356248,991701834620037,991701834751131,991701839752560,991701831347498,11111111,11111111,991701842518709,991701842720935,991701842923592,991701846148475,991701851868631,21211,576718,991701851868631,991701846891951,991701861295584,991701846148475,
0,15100826,991701928531102,991701928531102,0,991701929420076,991701929421521,991701930809842,991701930936092,991701939642213,991701929413123,11111111,11111111,991701933581482,991701933855935,991701934077264,991701937466795,991701943838357,25625,1507578,991701943838357,991701939180232,991701950485896,991701937466795,
0,15100841,991701961864435,991701961864435,0,991701962798670,991701962799959,991701965726912,991701965878982,991701972975546,991701962793787,11111111,11111111,991701974332146,991701974516248,991701974786717,991701978510779,991701984724920,28359,562500,991701984724920,991701979231678,991701994386443,991701978510779,
0,15100856,991702061778016,991702061778016,0,991702062656482,991702062657381,991702064139100,991702064249178,991702072889127,991702062649139,11111111,11111111,991702066584295,991702066849568,991702067075740,991702070549412,991702076646131,27539,1594649,991702076646131,991702072350975,991702083627068,991702070549412,
0,15100871,991702095111349,991702095111349,0,991702095952615,991702095953670,991702099135310,991702099254256,991702106222460,991702095946287,11111111,11111111,991702108529178,991702109049021,991702109392576,991702111403670,991702117895389,27148,1188633,991702117895389,991702112770545,991702127586717,991702111403670,
0,15100886,991702183819227,991702183819227,0,991702184839607,991702184840857,991702186210232,991702186334646,991702194930338,991702184833631,11111111,11111111,991702188970428,991702189634256,991702189872185,991702194053162,991702200505154,26640,778985,991702200505154,991702195767810,991702216895662,991702194053162,
0,15100901,991702217152560,991702217152560,0,991702218475467,991702218476404,991702221440076,991702221563006,991702228263671,991702218468982,11111111,11111111,991702230029256,991702230151092,991702230321053,991702233566248,991702239555115,22422,516797,991702239555115,991702234225623,991702249717225,991702233566248,
0,15100916,991702316960399,991702316960399,0,991702318684100,991702318685232,991702320254217,991702320365076,991702328071510,991702318677850,11111111,11111111,991702322614998,991702323090506,991702323321639,991702326788514,991702332112185,29648,1688984,991702332112185,991702328689842,991702338307537,991702326788514,
0,15100931,991702339182621,991702339182621,0,991702339946639,991702339947732,991702342656365,991702342776639,991702350293732,991702339942576,11111111,11111111,991702351381209,991702351566404,991702351827810,991702354054685,991702359807615,27461,483477,991702359807615,991702354708592,991702371628514,991702354054685,
0,15100946,991702439117882,991702439117882,0,991702440547185,991702440548435,991702441901443,991702442018475,991702450228993,991702440541560,11111111,11111111,991702444514295,991702445153201,991702445385896,991702449078748,991702455614920,27187,1607188,991702455614920,991702450894060,991702460684412,991702449078748,
0,15100961,991702472451215,991702472451215,0,991702473398592,991702473399803,991702476229959,991702476363357,991702483562326,991702473392264,11111111,11111111,991702485102732,991702485216990,991702485392459,991702488523865,991702494904607,20585,1059180,991702494904607,991702489746678,991702504988045,991702488523865,
0,15100976,991702571640868,991702571640868,0,991702572964881,991702572965935,991702574369178,991702574492810,991702582751979,991702572958435,11111111,11111111,991702577000701,991702577263943,991702577496482,991702580889529,991702586724803,29648,1592500,991702586724803,991702582692303,991702593765076,991702580889529,
0,15100991,991702593863090,991702593863090,0,991702595168865,991702595170115,991702597979725,991702598093123,991702604974201,991702595164412,11111111,11111111,991702604779373,991702605430467,991702605746678,991702607570232,991702613641248,23789,1051289,991702613641248,991702608799373,991702627101951,991702607570232,
0,15101006,991702694017743,991702694017743,0,991702696362693,991702696364334,991702697763162,991702697889412,991702705128854,991702696355818,11111111,11111111,991702700515467,991702700792185,991702701012615,991702704384764,991702710705545,23555,1467890,991702710705545,991702706053826,991702727442889,991702704384764,
0,15101021,991702727351076,991702727351076,0,991702728614529,991702728616053,991702731387732,991702731506639,991702738462187,991702728608748,11111111,11111111,991702741191873,991702741300584,991702741479412,991702744587615,991702750784881,21679,1053047,991702750784881,991702745795935,991702760307576,991702744587615,
0,15101036,991702827098407,991702827098407,0,991702827943318,991702827944217,991702829497693,991702829611404,991702838209518,991702827937342,11111111,11111111,991702832001834,991702832376209,991702832612146,991702835867146,991702841643123,72734,1741758,991702841643123,991702837813553,991702849037928,991702835867146,
0,15101051,991702849320629,991702849320629,0,991702850698826,991702850700193,991702853682264,991702853810076,991702860431740,991702850692068,11111111,11111111,991702861036287,991702861178279,991702861402342,991702864808162,991702870689490,23516,1284140,991702870689490,991702866268748,991702882307928,991702864808162,
0,15101066,991702949665109,991702949665109,0,991702950954100,991702950954803,991702952861170,991702952993045,991702960776220,991702950946639,11111111,11111111,991702955445193,991702956246600,991702956467654,991702959627693,991702966288006,25156,1641211,991702966288006,991702961476717,991702982719100,991702959627693,
0,15101081,991702982998442,991702982998442,0,991702984387381,991702984388670,991702987194100,991702987322732,991702994109553,991702984381443,11111111,11111111,991702996674373,991702996863982,991702997049373,991702999790857,991703005940701,14375,1210820,991703005940701,991703001161287,991703015539217,991702999790857,
0,15101096,991703071260148,991703071260148,0,991703072736053,991703072737185,991703074100701,991703074220506,991703082371259,991703072729490,11111111,11111111,991703076724021,991703076977303,991703077209021,991703080523357,991703086670350,27539,1532968,991703086670350,991703082250857,991703104807771,991703080523357,
0,15101111,991703104593481,991703104593481,0,991703105584568,991703105585857,991703108432889,991703108557654,991703115704592,991703105578592,11111111,11111111,991703116951092,991703117071482,991703117248396,991703120350662,991703126828553,22226,515781,991703126828553,991703121022381,991703137952225,991703120350662,
0,15101126,991703204941320,991703204941320,0,991703205866443,991703205868357,991703207274490,991703207393943,991703216052431,991703205860076,11111111,11111111,991703209980779,991703210251834,991703210484490,991703213892498,991703220201326,27891,1512383,991703220201326,991703215602732,991695601305740,991703213892498,
0,15101141,991703238274653,991703238274653,0,991703239227146,991703239228748,991703242228318,991703242353435,991703249385764,991703239221326,11111111,11111111,991703250976717,991703251177498,991703251445037,991703254970975,991703260742967,28750,1222930,991703260742967,991703256369725,991695656665662,991703254970975,
0,15101156,991703327029991,991703327029991,0,991703327934217,991703327935545,991703329505896,991703329627576,991703338141102,991703327926951,11111111,11111111,991703332193006,991703332450975,991703332681170,991703336905545,991703342311873,32617,1580118,991703342311873,991703338693943,991695734358006,991703336905545,
0,15101171,991703360363324,991703360363324,0,991703361319607,991703361321092,991703364003631,991703364247068,991703371474435,991703361313670,11111111,11111111,991703372986443,991703373149725,991703373339100,991703375203553,991703381041912,19180,439805,991703381041912,991703375819764,991695778716756,991703375203553,
0,15101186,991703460174931,991703460174931,0,991703462230232,991703462232146,991703463691873,991703463813787,991703471286042,991703462222967,11111111,11111111,991703466422029,991703466694998,991703466921912,991703470449920,991703476526600,25156,2269062,991703476526600,991703472923709,991695867555662,991703470449920,
0,15101201,991703482397153,991703482397153,0,991703484676521,991703484677654,991703487733514,991703487866990,991703493508264,991703484669998,11111111,11111111,991703498343201,991703498603279,991703498994685,991703501725037,991703507587771,28203,534024,991703507587771,991703502420584,991695889743240,991703501725037,
---PROFILEDATA---


View hierarchy:

  dev.intervaltablet.benchmark/dev.intervaltablet.MainActivity/android.view.ViewRootImpl@431a814
  16 views, 25,48 kB of render nodes


Total ViewRootImpl   : 1
Total attached Views : 16
Total RenderNode     : 25,48 kB (used) / 57,69 kB (capacity)

  ProcessConfig={1.0 ?mcc0mnc [fr_FR] ldltr sw900dp w1440dp h900dp 320dpi xlrg compactNeeded hdr widecg land finger -keyb/v/h -nav/h winConfig={ mBounds=Rect(0, 0 - 2880, 1800) mAppBounds=Rect(0, 0 - 2880, 1800) mMaxBounds=Rect(0, 0 - 2880, 1800) mDisplayRotation=ROTATION_90 mWindowingMode=fullscreen mActivityType=undefined mAlwaysOnTop=undefined mRotation=ROTATION_90 mStageConfig=undefined mEmbedActivityMode=undefined mPopOver=off mOverlappingWithCutout=false} s.2648 fontWeightAdjustment=0 ff=0 bf=-1 bts=0 cst=1.0 nightDim=-1 themeSeq=0}
  Application ResourcesConfig={1.0 ?mcc0mnc [fr_FR] ldltr sw900dp w1440dp h900dp 320dpi xlrg compactNeeded hdr widecg land finger -keyb/v/h -nav/h winConfig={ mBounds=Rect(0, 0 - 2880, 1800) mAppBounds=Rect(0, 0 - 2880, 1800) mMaxBounds=Rect(0, 0 - 2880, 1800) mDisplayRotation=ROTATION_90 mWindowingMode=fullscreen mActivityType=undefined mAlwaysOnTop=undefined mRotation=ROTATION_90 mStageConfig=undefined mEmbedActivityMode=undefined mPopOver=off mOverlappingWithCutout=false} s.2648 fontWeightAdjustment=0 ff=0 bf=-1 bts=0 cst=1.0 nightDim=-1 themeSeq=0}
