Applications Graphics Acceleration Info:
Uptime: 991504704 Realtime: 1021182574

** Graphics info for pid 18708 [dev.intervaltablet.benchmark] **

Stats since: 991474449233943ns
Total frames rendered: 477
Janky frames: 474 (99.37%)
Janky frames (legacy): 358 (75.05%)
50th percentile: 17ms
90th percentile: 23ms
95th percentile: 23ms
99th percentile: 26ms
Number Missed Vsync: 0
Number High input latency: 0
Number Slow UI thread: 318
Number Slow bitmap uploads: 0
Number Slow issue draw commands: 382
Number Frame deadline missed: 474
Number Frame deadline missed (legacy): 358
HISTOGRAM: 5ms=0 6ms=0 7ms=0 8ms=1 9ms=0 10ms=2 11ms=1 12ms=3 13ms=18 14ms=135 15ms=67 16ms=11 17ms=1 18ms=4 19ms=13 20ms=30 21ms=62 22ms=69 23ms=40 24ms=8 25ms=5 26ms=3 27ms=2 28ms=1 29ms=1 30ms=0 31ms=0 32ms=0 34ms=0 36ms=0 38ms=0 40ms=0 42ms=0 44ms=0 46ms=0 48ms=0 53ms=0 57ms=0 61ms=0 65ms=0 69ms=0 73ms=0 77ms=0 81ms=0 85ms=0 89ms=0 93ms=0 97ms=0 101ms=0 105ms=0 109ms=0 113ms=0 117ms=0 121ms=0 125ms=0 129ms=0 133ms=0 150ms=0 200ms=0 250ms=0 300ms=0 350ms=0 400ms=0 450ms=0 500ms=0 550ms=0 600ms=0 650ms=0 700ms=0 750ms=0 800ms=0 850ms=0 900ms=0 950ms=0 1000ms=0 1050ms=0 1100ms=0 1150ms=0 1200ms=0 1250ms=0 1300ms=0 1350ms=0 1400ms=0 1450ms=0 1500ms=0 1550ms=0 1600ms=0 1650ms=0 1700ms=0 1750ms=0 1800ms=0 1850ms=0 1900ms=0 1950ms=0 2000ms=0 2050ms=0 2100ms=0 2150ms=0 2200ms=0 2250ms=0 2300ms=0 2350ms=0 2400ms=0 2450ms=0 2500ms=0 2550ms=0 2600ms=0 2650ms=0 2700ms=0 2750ms=0 2800ms=0 2850ms=0 2900ms=0 2950ms=0 3000ms=0 3050ms=0 3100ms=0 3150ms=0 3200ms=0 3250ms=0 3300ms=0 3350ms=0 3400ms=0 3450ms=0 3500ms=0 3550ms=0 3600ms=0 3650ms=0 3700ms=0 3750ms=0 3800ms=0 3850ms=0 3900ms=0 3950ms=0 4000ms=0 4050ms=0 4100ms=0 4150ms=0 4200ms=0 4250ms=0 4300ms=0 4350ms=0 4400ms=0 4450ms=0 4500ms=0 4550ms=0 4600ms=0 4650ms=0 4700ms=0 4750ms=0 4800ms=0 4850ms=0 4900ms=0 4950ms=0
50th gpu percentile: 6ms
90th gpu percentile: 7ms
95th gpu percentile: 7ms
99th gpu percentile: 7ms
GPU HISTOGRAM: 1ms=0 2ms=0 3ms=0 4ms=1 5ms=24 6ms=377 7ms=75 8ms=0 9ms=0 10ms=0 11ms=0 12ms=0 13ms=0 14ms=0 15ms=0 16ms=0 17ms=0 18ms=0 19ms=0 20ms=0 21ms=0 22ms=0 23ms=0 24ms=0 25ms=0 4950ms=0

Pipeline=Skia (Vulkan)
Memory policy:
  Max surface area: 5184000
  Max resource usage: 248.83MB (x48)
  Background retention: 50% (altUiHidden = true)
  GPU Context timeout: 10
Contexts: 1 (stopped = 0)
CPU Caches:
  Glyph Cache: 148.50 KB (1 entry)
  Glyph Count: 45 
Total CPU memory usage:
  152067 bytes, 148.50 KB (0.00 bytes is purgeable)
GPU Caches:
  Other:
    TextBlobCache: 56.25 KB (1 entry)
  Image:
    Texture: 64.00 bytes (1 entry)
  Scratch:
    Texture: 2.00 MB (1 entry)
    Buffer Object: 334.38 KB (12 entries)
    Attachment: 0.00 bytes (2 entries)
Total GPU memory usage:
  2497216 bytes, 2.38 MB (128.19 KB is purgeable)

GraphicBufferAllocator buffers:
            Handle |         Size |     W (Stride) x H | Layers |   Format |      Usage | Requestor
0xb4000079de472710 |      unknown | 1800 (   0) x 2880 |      1 |        1 | 0x     b00 | VRI[MainActivity]@4f3dc3c#0(BLAST Consumer)0
0xb4000079de477850 |      unknown | 1800 (   0) x 2880 |      1 |        1 | 0x     b00 | VRI[MainActivity]@4f3dc3c#0(BLAST Consumer)0
0xb4000079de477e90 |      unknown | 1800 (   0) x 2880 |      1 |        1 | 0x     b00 | VRI[MainActivity]@4f3dc3c#0(BLAST Consumer)0
0xb4000079de478e30 |      unknown | 1800 (   0) x 2880 |      1 |        1 | 0x     b00 | VRI[MainActivity]@4f3dc3c#0(BLAST Consumer)0
Total allocated by GraphicBufferAllocator (estimate): 0.00 KB
Imported gralloc buffers:
+ name:VRI[MainActivity]@4f3dc3c#0(BLAST Consumer)0, id:20569663532559279, size:20616.50KiB, w/h:1800x2880, usage: 0xb00, req fmt:1, fourcc/mod:875708993/0, dataspace: 0x8810000, compressed: false
+ name:VRI[MainActivity]@4f3dc3c#0(BLAST Consumer)0, id:20569663532559280, size:20616.50KiB, w/h:1800x2880, usage: 0xb00, req fmt:1, fourcc/mod:875708993/0, dataspace: 0x8810000, compressed: false
+ name:VRI[MainActivity]@4f3dc3c#0(BLAST Consumer)0, id:20569663532559278, size:20616.50KiB, w/h:1800x2880, usage: 0xb00, req fmt:1, fourcc/mod:875708993/0, dataspace: 0x8810000, compressed: false
+ name:VRI[MainActivity]@4f3dc3c#0(BLAST Consumer)0, id:20569663532559277, size:20616.50KiB, w/h:1800x2880, usage: 0xb00, req fmt:1, fourcc/mod:875708993/0, dataspace: 0x8810000, compressed: false
Total imported by gralloc: 82466.00KiB

Profile data in ms:

	dev.intervaltablet.benchmark/dev.intervaltablet.MainActivity/android.view.ViewRootImpl@431a814 (visibility=0)
Window: dev.intervaltablet.benchmark/dev.intervaltablet.MainActivity
Stats since: 991474449232420ns
Total frames rendered: 477
Janky frames: 474 (99.37%)
Janky frames (legacy): 358 (75.05%)
50th percentile: 17ms
90th percentile: 23ms
95th percentile: 23ms
99th percentile: 26ms
Number Missed Vsync: 0
Number High input latency: 0
Number Slow UI thread: 318
Number Slow bitmap uploads: 0
Number Slow issue draw commands: 382
Number Frame deadline missed: 474
Number Frame deadline missed (legacy): 358
HISTOGRAM: 5ms=0 6ms=0 7ms=0 8ms=1 9ms=0 10ms=2 11ms=1 12ms=3 13ms=18 14ms=135 15ms=67 16ms=11 17ms=1 18ms=4 19ms=13 20ms=30 21ms=62 22ms=69 23ms=40 24ms=8 25ms=5 26ms=3 27ms=2 28ms=1 29ms=1 30ms=0 31ms=0 32ms=0 34ms=0 36ms=0 38ms=0 40ms=0 42ms=0 44ms=0 46ms=0 48ms=0 53ms=0 57ms=0 61ms=0 65ms=0 69ms=0 73ms=0 77ms=0 81ms=0 85ms=0 89ms=0 93ms=0 97ms=0 101ms=0 105ms=0 109ms=0 113ms=0 117ms=0 121ms=0 125ms=0 129ms=0 133ms=0 150ms=0 200ms=0 250ms=0 300ms=0 350ms=0 400ms=0 450ms=0 500ms=0 550ms=0 600ms=0 650ms=0 700ms=0 750ms=0 800ms=0 850ms=0 900ms=0 950ms=0 1000ms=0 1050ms=0 1100ms=0 1150ms=0 1200ms=0 1250ms=0 1300ms=0 1350ms=0 1400ms=0 1450ms=0 1500ms=0 1550ms=0 1600ms=0 1650ms=0 1700ms=0 1750ms=0 1800ms=0 1850ms=0 1900ms=0 1950ms=0 2000ms=0 2050ms=0 2100ms=0 2150ms=0 2200ms=0 2250ms=0 2300ms=0 2350ms=0 2400ms=0 2450ms=0 2500ms=0 2550ms=0 2600ms=0 2650ms=0 2700ms=0 2750ms=0 2800ms=0 2850ms=0 2900ms=0 2950ms=0 3000ms=0 3050ms=0 3100ms=0 3150ms=0 3200ms=0 3250ms=0 3300ms=0 3350ms=0 3400ms=0 3450ms=0 3500ms=0 3550ms=0 3600ms=0 3650ms=0 3700ms=0 3750ms=0 3800ms=0 3850ms=0 3900ms=0 3950ms=0 4000ms=0 4050ms=0 4100ms=0 4150ms=0 4200ms=0 4250ms=0 4300ms=0 4350ms=0 4400ms=0 4450ms=0 4500ms=0 4550ms=0 4600ms=0 4650ms=0 4700ms=0 4750ms=0 4800ms=0 4850ms=0 4900ms=0 4950ms=0
50th gpu percentile: 6ms
90th gpu percentile: 7ms
95th gpu percentile: 7ms
99th gpu percentile: 7ms
GPU HISTOGRAM: 1ms=0 2ms=0 3ms=0 4ms=1 5ms=24 6ms=377 7ms=75 8ms=0 9ms=0 10ms=0 11ms=0 12ms=0 13ms=0 14ms=0 15ms=0 16ms=0 17ms=0 18ms=0 19ms=0 20ms=0 21ms=0 22ms=0 23ms=0 24ms=0 25ms=0 4950ms=0



---PROFILEDATA---
Flags,FrameTimelineVsyncId,IntendedVsync,Vsync,InputEventId,HandleInputStart,AnimationStart,PerformTraversalsStart,DrawStart,FrameDeadline,FrameStartTime,FrameInterval,WorkloadTarget,SyncQueued,SyncStart,IssueDrawCommandsStart,SwapBuffers,FrameCompleted,DequeueBufferDuration,QueueBufferDuration,GpuCompleted,SwapBuffersCompleted,DisplayPresentTime,CommandSubmissionCompleted,
0,15049643,991497112229991,991497112229991,0,991497113083553,991497113084607,991497114806560,991497114925467,991497123341102,991497113077771,11111111,11111111,991497117786365,991497118046131,991497118275779,991497122043162,991497127480076,27930,1211484,991497127480076,991497123921834,991497145338865,991497122043162,
0,15049658,991497145563324,991497145563324,0,991497146950115,991497146951521,991497150010506,991497150128514,991497156674435,991497146944100,11111111,11111111,991497158878162,991497159074060,991497159329959,991497162763084,991497168872576,28516,1328828,991497168872576,991497164273279,991497178970818,991497162763084,
0,15049673,991497245706688,991497245706688,0,991497247441834,991497247443240,991497248987732,991497249097225,991497256817799,991497247434373,11111111,11111111,991497251635701,991497251880818,991497252284725,991497255502771,991497260867381,30937,2057344,991497260867381,991497257767498,991497278497342,991497255502771,
0,15049688,991497279040021,991497279040021,0,991497280419334,991497280421053,991497283275193,991497283399217,991497290151132,991497280412420,11111111,11111111,991497292973396,991497293112068,991497293296287,991497296358865,991497302260623,22656,1134414,991497302260623,991497297660935,991497311777771,991497296358865,
0,15049703,991497367561085,991497367561085,0,991497368489139,991497368490428,991497369777615,991497369893123,991497378672196,991497368483240,11111111,11111111,991497372523279,991497372789451,991497373018553,991497376541795,991497382261131,27421,1350195,991497382261131,991497378101014,991497389503826,991497376541795,
0,15049718,991497400894418,991497400894418,0,991497401901365,991497401902693,991497404899881,991497405023670,991497412005529,991497401895037,11111111,11111111,991497413543201,991497413653787,991497413786560,991497415233826,991497421232264,13868,362344,991497421232264,991497415670310,991497433936365,991497415233826,
0,15049733,991497500719562,991497500719562,0,991497501728904,991497501730584,991497503116326,991497503224373,991497511830673,991497501722303,11111111,11111111,991497505837146,991497506101600,991497506331678,991497509771404,991497515205506,26250,1572539,991497515205506,991497511549139,991497523052381,991497509771404,
0,15049748,991497522941784,991497522941784,0,991497525736014,991497525737029,991497528935545,991497529065779,991497534052895,991497525732459,11111111,11111111,991497538286560,991497538439490,991497538675818,991497542287029,991497548236404,25703,755391,991497548236404,991497543219060,991497555939881,991497542287029,
0,15049763,991497622837157,991497622837157,0,991497625086521,991497625088162,991497626838279,991497626966873,991497633948268,991497625080076,11111111,11111111,991497629689021,991497629962850,991497630199217,991497634005818,991497639423435,28477,1405860,991497639423435,991497635621443,991497655855232,991497634005818,
0,15049778,991497656170490,991497656170490,0,991497657506365,991497657507342,991497660330975,991497660451951,991497667281601,991497657500350,11111111,11111111,991497670030115,991497670545896,991497670736248,991497673176248,991497678971639,19180,1398984,991497678971639,991497674765115,991497689267498,991497673176248,
0,15049793,991497756385712,991497756385712,0,991497757313240,991497757314256,991497758687420,991497758797654,991497767496823,991497757306248,11111111,11111111,991497761418748,991497761673396,991497761910193,991497765346248,991497770882185,26993,1535586,991497770882185,991497767090271,991497778140350,991497765346248,
0,15049808,991497789719045,991497789719045,0,991497790681639,991497790683045,991497793666209,991497793777303,991497800830156,991497790675506,11111111,11111111,991497802348787,991497802543904,991497802809334,991497806424920,991497812264373,27696,1325351,991497812264373,991497807930506,991497822440154,991497806424920,
0,15049823,991497878077452,991497878077452,0,991497879036131,991497879037654,991497880561131,991497880678123,991497889188563,991497879029256,11111111,11111111,991497883172889,991497883419295,991497883648748,991497887016131,991497892444334,29375,2812188,991497892444334,991497890032967,991497900159959,991497887016131,
0,15049838,991497911410785,991497911410785,0,991497912826482,991497912827498,991497915553982,991497915669685,991497922521896,991497912819725,11111111,11111111,991497925013904,991497925191209,991497925429373,991497929137107,991497935206834,26875,1399844,991497935206834,991497930735779,991497944497303,991497929137107,
0,15049853,991498011473681,991498011473681,0,991498012783435,991498012784685,991498014185271,991498014330623,991498022584792,991498012776639,11111111,11111111,991498017010506,991498017272967,991498017514412,991498020999764,991498026592693,28750,1742305,991498026592693,991498022950740,991498033263514,991498020999764,
0,15049868,991498033695903,991498033695903,0,991498035668631,991498035669373,991498039148006,991498039282146,991498044807014,991498035662264,11111111,11111111,991498046738357,991498046846873,991498047007693,991498050219100,991498056070350,22031,523593,991498056070350,991498050902459,991498066928475,991498050219100,
0,15049883,991498133493290,991498133493290,0,991498134763943,991498134765389,991498136289451,991498136409412,991498144604401,991498134756131,11111111,11111111,991498138940115,991498139591209,991498139839920,991498143946404,991498149343670,26171,1851094,991498149343670,991498146003787,991498166402498,991498143946404,
0,15049898,991498166826623,991498166826623,0,991498168290310,991498168292068,991498171031990,991498171152459,991498177937734,991498168283475,11111111,11111111,991498180751404,991498180940623,991498181200818,991498184677850,991498190611326,25625,1528906,991498190611326,991498186386717,991498199729490,991498184677850,
0,15049913,991498266596845,991498266596845,0,991498268602303,991498268603943,991498269953435,991498270069881,991498277707956,991498268595037,11111111,11111111,991498272585545,991498272853943,991498273087654,991498276401678,991498282086521,27852,1976797,991498282086521,991498278574920,991498288560115,991498276401678,
0,15049928,991498288819067,991498288819067,0,991498290602264,991498290603201,991498293580467,991498293700740,991498299930178,991498290595896,11111111,11111111,991498301276287,991498301402342,991498301577615,991498304883396,991498310456873,23125,787617,991498310456873,991498305852185,991498321711287,991498304883396,
0,15049943,991498388624718,991498388624718,0,991498389875271,991498389876443,991498391239764,991498391354412,991498399735829,991498389868357,11111111,11111111,991498394046521,991498394291053,991498394522693,991498398115623,991498403548279,30899,1465547,991498403548279,991498399938279,991498411002576,991498398115623,
0,15049958,991498421958051,991498421958051,0,991498422911287,991498422912693,991498425770193,991498425889412,991498433069162,991498422904178,11111111,11111111,991498433899373,991498434005584,991498434168396,991498437349334,991498443108084,21563,1150234,991498443108084,991498438664178,991498454993162,991498437349334,
0,15049973,991498510782335,991498510782335,0,991498511621365,991498511622576,991498512931600,991498513038279,991498521893446,991498511616014,11111111,11111111,991498515207928,991498515435350,991498515641990,991498519863123,991498525285076,25313,1071875,991498525285076,991498521133631,991498532770310,991498519863123,
0,15049988,991498544115668,991498544115668,0,991498545096209,991498545097303,991498547781092,991498547912381,991498555226779,991498545089646,11111111,11111111,991498557665154,991498557776365,991498557912107,991498559328592,991498566217771,14609,325273,991498566217771,991498559723318,991498577243240,991498559328592,
0,15050003,991498644335907,991498644335907,0,991498645155389,991498645156717,991498646534568,991498646658865,991498655447018,991498645148787,11111111,11111111,991498649306209,991498649571404,991498649812850,991498653935193,991498659366326,28164,816289,991498659366326,991498654938592,991498665857967,991498653935193,
0,15050018,991498666558129,991498666558129,0,991498668944998,991498668946482,991498671621482,991498671745115,991498677669240,991498668939412,11111111,11111111,991498678225740,991498678337850,991498678501131,991498681700623,991498687451248,23985,618594,991498687451248,991498682485154,991498699184021,991498681700623,
0,15050033,991498766103641,991498766103641,0,991498767019646,991498767021170,991498768584568,991498768702225,991498777214752,991498767012928,11111111,11111111,991498771133631,991498771456521,991498771662810,991498775040935,991498780477146,27148,875547,991498780477146,991498776567146,991498787973084,991498775040935,
0,15050048,991498799436974,991498799436974,0,991498800572225,991498800573631,991498803264490,991498803387771,991498810548085,991498800565740,11111111,11111111,991498813210154,991498813705115,991498814074803,991498816167381,991498822359881,27031,1245508,991498822359881,991498817644178,991498832578748,991498816167381,
0,15050063,991498899191298,991498899191298,0,991498900224685,991498900226287,991498901649295,991498901763318,991498910302409,991498900218162,11111111,11111111,991498904392537,991498904658982,991498904892889,991498908319490,991498913958865,27617,1568164,991498913958865,991498910096756,991498921200740,991498908319490,
0,15050078,991498921413520,991498921413520,0,991498922793201,991498922793943,991498925701990,991498925832029,991498932524631,991498922786756,11111111,11111111,991498934005701,991498934108592,991498934266092,991498937394959,991498943194334,20547,597656,991498943194334,991498938156053,991498954762029,991498937394959,
0,15050093,991499021306415,991499021306415,0,991499022595818,991499022596912,991499023982264,991499024228396,991499032417526,991499022589139,11111111,11111111,991499026711756,991499027390584,991499027639334,991499031090428,991499036592498,29063,1693360,991499036592498,991499032988748,991499043271795,991499031090428,
0,15050108,991499054639748,991499054639748,0,991499055982732,991499055984060,991499058857654,991499058985623,991499065750859,991499055974060,11111111,11111111,991499068663826,991499069065506,991499069396521,991499070995545,991499076847498,21250,825898,991499076847498,991499071976795,991499087641092,991499070995545,
0,15050123,991499143422960,991499143422960,0,991499144333865,991499144335545,991499146030389,991499146146170,991499154534071,991499144326639,11111111,11111111,991499148825506,991499149091990,991499149323514,991499152976600,991499158418357,28437,735195,991499158418357,991499153891521,991499165360193,991499152976600,
0,15050138,991499176756293,991499176756293,0,991499177707068,991499177707850,991499180651443,991499180776560,991499187867404,991499177701600,11111111,11111111,991499190002107,991499190188709,991499190442967,991499194123748,991499200202693,27695,1291679,991499200202693,991499195599412,991499209778670,991499194123748,
0,15050153,991499276605126,991499276605126,0,991499277486209,991499277487967,991499278878670,991499278993787,991499287716237,991499277479178,11111111,11111111,991499281728982,991499281979021,991499282224451,991499285578748,991499291023201,27227,1555859,991499291023201,991499287342928,991499298906912,991499285578748,
0,15050168,991499309938459,991499309938459,0,991499310851170,991499310852498,991499313945975,991499314068943,991499321049570,991499310844803,11111111,11111111,991499322088475,991499322206678,991499322373045,991499325563631,991499331331287,21328,1174532,991499331331287,991499326895389,991499342973943,991499325563631,
0,15050183,991499398693524,991499398693524,0,991499399608240,991499399608943,991499401157771,991499401272185,991499409804635,991499399602107,11111111,11111111,991499403768240,991499404117185,991499404349725,991499408599060,991499413999607,29218,1022695,991499413999607,991499410290271,991499431765896,991499408599060,
0,15050198,991499432026857,991499432026857,0,991499433325662,991499433326912,991499436174959,991499436296170,991499443137968,991499433319607,11111111,11111111,991499445398435,991499445500740,991499445659060,991499448786443,991499454592693,22539,1144141,991499454592693,991499450092810,991499464992381,991499448786443,
0,15050213,991499532240243,991499532240243,0,991499533127146,991499533128396,991499534533006,991499534648240,991499543351354,991499533120779,11111111,11111111,991499537243631,991499537519412,991499537755975,991499541214881,991499546632225,27344,1491367,991499546632225,991499542920076,991499553890623,991499541214881,
0,15050228,991499554462465,991499554462465,0,991499555826678,991499555827732,991499559041053,991499559202693,991499565573576,991499555820154,11111111,11111111,991499567701014,991499567877810,991499568249295,991499571475623,991499577256678,30079,731602,991499577256678,991499572364725,991499587100115,991499571475623,
0,15050243,991499653988116,991499653988116,0,991499655197498,991499655199373,991499657076443,991499657200271,991499665099227,991499655190740,11111111,11111111,991499659660623,991499660302264,991499660539998,991499663777420,991499669169959,27422,2456328,991499669169959,991499666433670,991499687016639,991499663777420,
0,15050258,991499687321449,991499687321449,0,991499689055857,991499689057185,991499691826873,991499691955076,991499698432560,991499689049373,11111111,11111111,991499700767810,991499700922928,991499701142928,991499704440662,991499710253982,22969,1414610,991499710253982,991499706041248,991499720706795,991499704440662,
0,15050273,991499787223954,991499787223954,0,991499788679646,991499788681092,991499790069178,991499790187029,991499798335065,991499788672459,11111111,11111111,991499792793084,991499793050506,991499793279217,991499796610818,991499802428982,28515,1673242,991499802428982,991499799043631,991499809137381,991499796610818,
0,15050288,991499809446176,991499809446176,0,991499810923943,991499810924920,991499814660857,991499814791326,991499820557287,991499810917615,11111111,11111111,991499823318904,991499823490037,991499823728396,991499825773787,991499831799256,24024,782774,991499831799256,991499826712693,991499842758865,991499825773787,
0,15050303,991499909238859,991499909238859,0,991499910076170,991499910077225,991499911417225,991499911535154,991499920349970,991499910069451,11111111,11111111,991499914213006,991499914493709,991499914724959,991499918167459,991499923649451,27773,1558946,991499923649451,991499919923475,991499931236990,991499918167459,
0,15050318,991499942572192,991499942572192,0,991499943507068,991499943508435,991499946409021,991499946533787,991499953683303,991499943500857,11111111,11111111,991499953681053,991499953862225,991499954230740,991499957421756,991499963238982,21172,1156679,991499963238982,991499958738357,991499975623318,991499957421756,
0,15050333,991500042470712,991500042470712,0,991500044283943,991500044285428,991500045666443,991500045779334,991500053581823,991500044276326,11111111,11111111,991500048367146,991500048632146,991500048855467,991500052213123,991500057941365,30039,2053359,991500057941365,991500054466795,991500064433709,991500052213123,
0,15050348,991500064692934,991500064692934,0,991500066044998,991500066046053,991500069004217,991500069121717,991500075804045,991500066039139,11111111,11111111,991500078392342,991500078560350,991500078811951,991500082358396,991500088183670,28867,1320820,991500088183670,991500083852185,991500097686092,991500082358396,
0,15050363,991500164570321,991500164570321,0,991500165880506,991500165881834,991500167249295,991500167366560,991500175681432,991500165873318,11111111,11111111,991500170016990,991500170260779,991500170490584,991500174779568,991500180519021,28281,800625,991500180519021,991500177244139,991500197633357,991500174779568,
0,15050378,991500197903654,991500197903654,0,991500199166248,991500199167693,991500202255506,991500202376092,991500209014765,991500199159803,11111111,11111111,991500210201834,991500210310779,991500210471678,991500213808865,991500219736560,22032,1167343,991500219736560,991500215131717,991500231303982,991500213808865,
0,15050393,991500286655929,991500286655929,0,991500287999256,991500288000193,991500289532029,991500289636717,991500297767040,991500287992537,11111111,11111111,991500292299060,991500292548318,991500292783279,991500296953943,991500302652889,28359,712579,991500302652889,991500298960115,991500319677810,991500296953943,
0,15050408,991500319989262,991500319989262,0,991500321323553,991500321324959,991500323976521,991500324286795,991500331100373,991500321317459,11111111,11111111,991500333461287,991500333729998,991500333865701,991500335344529,991500341321092,14375,908672,991500341321092,991500336405975,991500353322654,991500335344529,
0,15050423,991500419855577,991500419855577,0,991500421104256,991500421105701,991500422478787,991500422597928,991500430966688,991500421096873,11111111,11111111,991500425276717,991500425544685,991500425782459,991500429067967,991500434342264,28359,1285078,991500434342264,991500430531600,991500441724607,991500429067967,
0,15050438,991500442077799,991500442077799,0,991500443384060,991500443385467,991500446543514,991500446715623,991500453188910,991500443378279,11111111,11111111,991500454206951,991500454301990,991500454441170,991500455936131,991500462081404,12735,552735,991500462081404,991500456624685,991500475056170,991500455936131,
0,15050453,991500541900030,991500541900030,0,991500543132498,991500543133865,991500544667693,991500544784568,991500553011141,991500543126053,11111111,11111111,991500547308904,991500547964139,991500548425701,991500551678865,991500557121443,27070,1869375,991500557121443,991500553761365,991500574989803,991500551678865,
0,15050468,991500575233363,991500575233363,0,991500576585779,991500576586678,991500579885701,991500580165389,991500586344474,991500576579803,11111111,11111111,991500589425467,991500589535584,991500589664060,991500591153787,991500597111600,13008,785352,991500597111600,991500592202420,991500608527459,991500591153787,
0,15050483,991500663946827,991500663946827,0,991500665441678,991500665442537,991500666841365,991500666957850,991500675057938,991500665434568,11111111,11111111,991500669834725,991500670076834,991500670305506,991500674433435,991500679913904,28789,1439609,991500679913904,991500676193670,991500697055232,991500674433435,
0,15050498,991500697280160,991500697280160,0,991500698279451,991500698280467,991500701268826,991500701391209,991500708391271,991500698272537,11111111,11111111,991500709757615,991500710135701,991500710423592,991500712093982,991500718166560,21992,1102149,991500718166560,991500713352693,991500730397381,991500712093982,
0,15050513,991500797212023,991500797212023,0,991500798424021,991500798425701,991500799731834,991500799847185,991500808323134,991500798417771,11111111,11111111,991500802407928,991500802679178,991500802928553,991500806301404,991500811872381,27305,1473242,991500811872381,991500807978084,991500819199451,991500806301404,
0,15050528,991500830545356,991500830545356,0,991500831422615,991500831423904,991500834531326,991500834662928,991500841656467,991500831416600,11111111,11111111,991500842838865,991500843043631,991500843317342,991500845700350,991500851744100,30703,368984,991500851744100,991500846164178,991500863555896,991500845700350,
0,15050543,991500919277452,991500919277452,0,991500920745506,991500920746912,991500922099217,991500922218357,991500930388563,991500920738045,11111111,11111111,991500924901717,991500925156209,991500925382576,991500929628201,991500935015115,29727,1173594,991500935015115,991500931031014,991500952772381,991500929628201,
0,15050558,991500952610785,991500952610785,0,991500953597576,991500953598748,991500956533670,991500956652967,991500963721896,991500953590545,11111111,11111111,991500965685935,991500965962810,991500966098709,991500967594178,991500973875037,14453,971562,991500973875037,991500968840389,991500985663709,991500967594178,
0,15050573,991501052532782,991501052532782,0,991501054231521,991501054232928,991501055662850,991501055778670,991501063643893,991501054224959,11111111,11111111,991501058488201,991501058747185,991501058981951,991501062478514,991501068037225,28633,1889922,991501068037225,991501065960115,991501074787576,991501062478514,
0,15050588,991501074755004,991501074755004,0,991501076847967,991501076849139,991501079505623,991501079635271,991501085866115,991501076842029,11111111,11111111,991501086683904,991501086779217,991501086906092,991501088519725,991501094392107,13398,827617,991501094392107,991501089498240,991501107727029,991501088519725,
0,15050603,991501174994601,991501174994601,0,991501176519021,991501176520428,991501177946248,991501178067498,991501186105712,991501176512654,11111111,11111111,991501180804685,991501181207146,991501181402615,991501185541795,991501191022185,29219,1352696,991501191022185,991501187121014,991501207612850,991501185541795,
0,15050618,991501208327934,991501208327934,0,991501209643240,991501209644646,991501212662771,991501212779021,991501219439045,991501209636678,11111111,11111111,991501221576482,991501221904217,991501222145076,991501225297420,991501231109178,21016,1176406,991501231109178,991501226632381,991501241284803,991501225297420,
0,15050633,991501308120907,991501308120907,0,991501309821756,991501309822771,991501311222615,991501311343982,991501319232018,991501309814529,11111111,11111111,991501313994178,991501314271795,991501314498318,991501317963162,991501323420740,28086,2264609,991501323420740,991501320422225,991501329726482,991501317963162,
0,15050648,991501330343129,991501330343129,0,991501331696600,991501331697889,991501334604100,991501334726756,991501341454240,991501331690467,11111111,11111111,991501343237185,991501343464373,991501343752693,991501345661014,991501351716600,22579,979961,991501351716600,991501346814490,991501363086014,991501345661014,
0,15050663,991501429835070,991501429835070,0,991501431210935,991501431212303,991501432728006,991501432848045,991501440946181,991501431203396,11111111,11111111,991501435337693,991501436114451,991501436351482,991501439589295,991501445062654,31680,1812305,991501445062654,991501441604334,991501462905623,991501439589295,
0,15050678,991501463168403,991501463168403,0,991501464498514,991501464499842,991501467302029,991501467418709,991501474279514,991501464492303,11111111,11111111,991501477095975,991501477217537,991501477351170,991501478873826,991501484709646,12695,837813,991501484709646,991501479865467,991501496175896,991501478873826,
0,15050693,991501551948702,991501551948702,0,991501553346131,991501553347537,991501554689412,991501554807850,991501563059813,991501553339685,11111111,11111111,991501557513123,991501557744021,991501557977615,991501562069217,991501567504060,27500,835546,991501567504060,991501564238514,991501584992107,991501562069217,
0,15050708,991501585282035,991501585282035,0,991501586274998,991501586276560,991501589141717,991501589257889,991501596393146,991501586269100,11111111,11111111,991501597824881,991501597940389,991501598080662,991501601161482,991501606981873,20743,1156835,991501606981873,991501602486639,991501618769060,991501601161482,
0,15050723,991501685127843,991501685127843,0,991501686041678,991501686043201,991501687422615,991501687532810,991501696238954,991501686034881,11111111,11111111,991501690166951,991501690437381,991501690670623,991501694969021,991501700761639,29726,835937,991501700761639,991501695993084,991501707093084,991501694969021,
0,15050738,991501718461176,991501718461176,0,991501719758045,991501719759139,991501722640975,991501722766639,991501729572287,991501719753435,11111111,11111111,991501732229764,991501732523279,991501732730935,991501734283982,991501740483357,20625,767813,991501740483357,991501735199490,991501751509021,991501734283982,
0,15050753,991501807214327,991501807214327,0,991501808566170,991501808567342,991501809942381,991501810063904,991501818325438,991501808559607,11111111,11111111,991501812667732,991501812925975,991501813157537,991501817369998,991501822768787,27539,870742,991501822768787,991501819523396,991501840337029,991501817369998,
0,15050768,991501840547660,991501840547660,0,991501841871014,991501841872107,991501844851639,991501844980818,991501851658771,991501841864881,11111111,11111111,991501853530935,991501853650818,991501853824529,991501857004646,991501862808982,22226,523047,991501862808982,991501857687693,991501873578787,991501857004646,
0,15050783,991501940426415,991501940426415,0,991501941731834,991501941732771,991501943124256,991501943236014,991501951537526,991501941725232,11111111,11111111,991501945859725,991501946502498,991501946744646,991501950155740,991501955761092,27500,2457070,991501955761092,991501952815506,991501962469256,991501950155740,
0,15050798,991501962648637,991501962648637,0,991501965185389,991501965186560,991501967886443,991501968128670,991501973759748,991501965179529,11111111,11111111,991501975795115,991501975970896,991501976332576,991501979682810,991501985451092,27148,1279610,991501985451092,991501981137615,991501995670857,991501979682810,
0,15050813,991502062559249,991502062559249,0,991502063478201,991502063479256,991502065035818,991502065152928,991502073670360,991502063471404,11111111,11111111,991502067551365,991502068221092,991502068467498,991502071697420,991502077137225,27382,1682539,991502077137225,991502073596639,991502084427342,991502071697420,
0,15050828,991502095892582,991502095892582,0,991502097353006,991502097354139,991502100591014,991502100719646,991502107003693,991502097345935,11111111,11111111,991502109713240,991502109884529,991502110116170,991502113504334,991502119310037,24610,857188,991502119310037,991502114541326,991502129412185,991502113504334,
0,15050843,991502195802587,991502195802587,0,991502197260350,991502197261873,991502198632420,991502198749295,991502206913698,991502197253006,11111111,11111111,991502201410818,991502201657654,991502201891053,991502205299217,991502210720310,28398,1521758,991502210720310,991502207156717,991502217679295,991502205299217,
0,15050858,991502218024809,991502218024809,0,991502219022303,991502219024021,991502221980428,991502222106131,991502229135920,991502219015662,11111111,11111111,991502229919178,991502230028201,991502230186326,991502233459100,991502239194373,20664,618594,991502239194373,991502234237381,991502250951170,991502233459100,
0,15050873,991502317760673,991502317760673,0,991502319405193,991502319406443,991502320986912,991502321104490,991502328871784,991502319398045,11111111,11111111,991502323578709,991502324226170,991502324466131,991502327759607,991502333158201,27617,2044023,991502333158201,991502330677107,991502351270154,991502327759607,
0,15050888,991502351094006,991502351094006,0,991502352823787,991502352824803,991502355574451,991502355700310,991502362205117,991502352817615,11111111,11111111,991502365530935,991502365725467,991502365993123,991502369778240,991502376004646,27383,1300352,991502376004646,991502371267381,991502384245740,991502369778240,
0,15050903,991502439901515,991502439901515,0,991502440654334,991502440655389,991502442355193,991502442477850,991502451012626,991502440647185,11111111,11111111,991502445119881,991502449219060,991502449455350,991502453503904,991502458852420,26757,1596836,991502458852420,991502455296834,991502472956756,991502453503904,
0,15050918,991502473234848,991502473234848,0,991502474586600,991502474587498,991502477558709,991502477708396,991502484345959,991502474579178,11111111,11111111,991502486311365,991502486519803,991502486794646,991502490589607,991502496415662,27032,738438,991502496415662,991502491513240,991502506272303,991502490589607,
0,15050933,991502573492374,991502573492374,0,991502574217889,991502574218865,991502575074451,991502575139920,991502584603485,991502574213514,11111111,11111111,991502576687615,991502576819217,991502576958318,991502579251482,991502584585271,19844,1394843,991502584585271,991502580803123,991502594927576,991502579251482,
0,15050948,991502606825707,991502606825707,0,991502607713435,991502607714451,991502610317185,991502610428201,991502617936818,991502607707420,11111111,11111111,991502617520350,991502617718435,991502617922459,991502620699100,991502626400115,19688,1087071,991502626400115,991502621936600,991502639389060,991502620699100,
0,15050963,991502695178976,991502695178976,0,991502696349725,991502696350975,991502697537303,991502697630428,991502706290087,991502696343748,11111111,11111111,991502699826717,991502700115506,991502700303748,991502704952146,991502710478709,24336,755469,991502710478709,991502705899646,991502717187771,991502704952146,
0,15050978,991502728512309,991502728512309,0,991502729504178,991502729505623,991502732278279,991502732402889,991502739623420,991502729497576,11111111,11111111,991502741985584,991502742233084,991502742426639,991502744357732,991502750510701,15352,1294180,991502750510701,991502745833084,991502761533904,991502744357732,
0,15050993,991502828260907,991502828260907,0,991502829873084,991502829874295,991502831252342,991502831367693,991502839372018,991502829866326,11111111,11111111,991502833970975,991502834238553,991502834468904,991502837929139,991502843359764,28750,2338906,991502843359764,991502840474764,991502850797576,991502837929139,
0,15051008,991502850483129,991502850483129,0,991502852834725,991502852835935,991502855830623,991502855993318,991502861594240,991502852829529,11111111,11111111,991502862678396,991502862785935,991502862915271,991502865706326,991502871479920,12539,602852,991502871479920,991502866461834,991502883612068,991502865706326,
0,15051023,991502950521102,991502950521102,0,991502951908435,991502951909803,991502953478553,991502953598904,991502961632213,991502951902185,11111111,11111111,991502956255584,991502956910193,991502957155115,991502960571248,991502965934920,28242,2080508,991502965934920,991502962860857,991502983529373,991502960571248,
0,15051038,991502983854435,991502983854435,0,991502985152615,991502985153826,991502987908240,991502988176951,991502994965546,991502985145037,11111111,11111111,991502997764139,991502997953787,991502998218045,991503001853553,991503007765857,29805,1301133,991503007765857,991503003346287,991503016829568,991503001853553,
0,15051053,991503084130907,991503084130907,0,991503084975857,991503084977342,991503086726795,991503086853123,991503095242018,991503084969373,11111111,11111111,991503089710623,991503089994139,991503090226287,991503093702498,991503099155818,27305,885859,991503099155818,991503094776209,991503116924764,991503093702498,
0,15051068,991503106353129,991503106353129,0,991503108345467,991503108346560,991503111803396,991503111930428,991503117464240,991503108338592,11111111,11111111,991503121613748,991503121811600,991503122082068,991503125882537,991503131658435,27773,1341718,991503131658435,991503127406795,991503139289529,991503125882537,
0,15051083,991503205751593,991503205751593,0,991503207015506,991503207016912,991503208951209,991503209061170,991503216862704,991503207008553,11111111,11111111,991503211574646,991503212228435,991503212467576,991503216609256,991503222436287,26914,1479297,991503222436287,991503218303084,991503239172303,991503216609256,
0,15051098,991503239084926,991503239084926,0,991503240595310,991503240596326,991503243370935,991503243494842,991503250196037,991503240589334,11111111,11111111,991503252424100,991503252776326,991503252944959,991503255849646,991503261907225,17734,1380039,991503261907225,991503257407107,991503272276131,991503255849646,
0,15051113,991503339146984,991503339146984,0,991503340582498,991503340583748,991503341995154,991503342106873,991503350258095,991503340575740,11111111,11111111,991503344805662,991503345070076,991503345300545,991503348677342,991503354053787,28750,2089961,991503354053787,991503351001521,991503361285310,991503348677342,
0,15051128,991503361369206,991503361369206,0,991503362793045,991503362794529,991503365763201,991503365888162,991503372480317,991503362786482,11111111,11111111,991503374100232,991503374206912,991503374361326,991503377525037,991503383276170,20273,1166172,991503383276170,991503378850584,991503394687889,991503377525037,
0,15051143,991503461394523,991503461394523,0,991503462637654,991503462639100,991503463935975,991503464213045,991503472505634,991503462631053,11111111,11111111,991503466737225,991503467397850,991503467650271,991503471076209,991503476556326,26367,1788984,991503476556326,991503473077967,991503482984412,991503471076209,
0,15051158,991503494727856,991503494727856,0,991503496521560,991503496522928,991503499266834,991503499390662,991503505838967,991503496514490,11111111,11111111,991503508748826,991503509233279,991503509602342,991503513141092,991503518953943,27110,1441368,991503518953943,991503514776482,991503527434725,991503513141092,
0,15051173,991503583507530,991503583507530,0,991503584426521,991503584427928,991503586158318,991503586285389,991503594618641,991503584419881,11111111,11111111,991503589057459,991503589319529,991503589556560,991503592914529,991503598639178,29219,788047,991503598639178,991503593893631,991503605067576,991503592914529,
0,15051188,991503616840863,991503616840863,0,991503618196014,991503618197654,991503621001326,991503621120662,991503627951974,991503618189764,11111111,11111111,991503630527342,991503631127928,991503631519685,991503633377459,991503639267967,28906,792383,991503639267967,991503634328006,991503649337928,991503633377459,
0,15051203,991503716317743,991503716317743,0,991503717592928,991503717594842,991503718986170,991503719110389,991503727428854,991503717586443,11111111,11111111,991503721830310,991503722087576,991503722318865,991503726284842,991503731217068,29375,887578,991503731217068,991503728736560,991503749413084,991503726284842,
0,15051218,991503738539965,991503738539965,0,991503740450662,991503740451912,991503744613045,991503744753240,991503749651076,991503740446756,11111111,11111111,991503755184998,991503755678201,991503755978123,991503757812185,991503763898865,21367,393672,991503763898865,991503758340037,991503771577771,991503757812185,
0,15051233,991503838400907,991503838400907,0,991503840734646,991503840735975,991503842452732,991503842573123,991503849512018,991503840727420,11111111,11111111,991503845226131,991503845506365,991503845743982,991503849228865,991503854847654,26524,2011601,991503854847654,991503851432732,991503871583670,991503849228865,
0,15051248,991503871734240,991503871734240,0,991503872995467,991503872996912,991503875794646,991503875919256,991503882845351,991503872988904,11111111,11111111,991503885216248,991503885382928,991503885572654,991503887497381,991503893406873,19609,1280196,991503893406873,991503888969139,991503905136248,991503887497381,
0,15051263,991503960524193,991503960524193,0,991503961275896,991503961277068,991503962956131,991503963083045,991503971635304,991503961269217,11111111,11111111,991503965811873,991503966087420,991503966318045,991503970262850,991503975843435,27539,823554,991503975843435,991503971276131,991503982851053,991503970262850,
0,15051278,991503993857526,991503993857526,0,991503995204021,991503995205350,991503998165623,991503998292264,991504004968637,991503995196834,11111111,11111111,991504006669295,991504006868709,991504007135740,991504010668435,991504016764412,27890,1161601,991504016764412,991504012111795,991504026999139,991504010668435,
0,15051293,991504093805890,991504093805890,0,991504095551639,991504095552967,991504097131521,991504097257342,991504104917001,991504095544529,11111111,11111111,991504099775975,991504100282771,991504100499881,991504103747264,991504109232381,30899,2121093,991504109232381,991504106075037,991504126769060,991504103747264,
0,15051308,991504127139223,991504127139223,0,991504128485857,991504128487107,991504131757381,991504131886248,991504138250334,991504128479412,11111111,11111111,991504141252615,991504141365584,991504141497029,991504142982498,991504148999842,15586,791679,991504148999842,991504143937185,991504160178787,991504142982498,
0,15051323,991504216184384,991504216184384,0,991504217083279,991504217084451,991504218384764,991504218501521,991504227295495,991504217077029,11111111,11111111,991504221154100,991504221410623,991504221645467,991504225749725,991504231157654,28125,856133,991504231157654,991504226798553,991504237757146,991504225749725,
0,15051338,991504249517717,991504249517717,0,991504250463201,991504250464217,991504253319100,991504253450584,991504260628828,991504250457068,11111111,11111111,991504262541834,991504262720623,991504262984060,991504266592420,991504272729646,28711,1148828,991504272729646,991504267915857,991504282251717,991504266592420,
0,15051353,991504348991280,991504348991280,0,991504349882771,991504349883670,991504351254256,991504351369178,991504360102391,991504349875740,11111111,11111111,991504353925506,991504354193787,991504354421170,991504357846053,991504363280506,27422,1606484,991504363280506,991504359663709,991496756824100,991504357846053,
0,15051368,991504382324613,991504382324613,0,991504383386209,991504383387576,991504386462498,991504386588123,991504393435724,991504383379334,11111111,11111111,991504394064100,991504394181717,991504394353553,991504397606521,991504403363084,21523,525703,991504403363084,991504398292928,991496801225232,991504397606521,
0,15051383,991504471090477,991504471090477,0,991504472174100,991504472175154,991504473591131,991504473712498,991504482201588,991504472166014,11111111,11111111,991504476930310,991504477176912,991504477399217,991504481577303,991504486949373,27383,1162109,991504486949373,991504483196404,991496890007771,991504481577303,
0,15051398,991504504423810,991504504423810,0,991504505749529,991504505750623,991504508571951,991504508687264,991504515534921,991504505743201,11111111,11111111,991504517314334,991504517743865,991504518214451,991504525830545,991504531455701,39453,1447656,991504531455701,991504527633435,991496923297029,991504525830545,
0,15051413,991504604406571,991504604406571,0,991504606124060,991504606125310,991504607504295,991504607624646,991504615517682,991504606117068,11111111,11111111,991504610628514,991504610906482,991504611145506,991504614570467,991504620009060,27968,2226446,991504620009060,991504617001482,991497012373357,991504614570467,
0,15051428,991504626628793,991504626628793,0,991504628533553,991504628534568,991504631960818,991504632210350,991504637739904,991504628526912,11111111,11111111,991504641193592,991504641297459,991504641440389,991504644166326,991504650157928,13633,1290937,991504650157928,991504645657771,991497056511443,991504644166326,
---PROFILEDATA---


View hierarchy:

  dev.intervaltablet.benchmark/dev.intervaltablet.MainActivity/android.view.ViewRootImpl@431a814
  16 views, 25,54 kB of render nodes


Total ViewRootImpl   : 1
Total attached Views : 16
Total RenderNode     : 25,54 kB (used) / 57,69 kB (capacity)

  ProcessConfig={1.0 ?mcc0mnc [fr_FR] ldltr sw900dp w1440dp h900dp 320dpi xlrg compactNeeded hdr widecg land finger -keyb/v/h -nav/h winConfig={ mBounds=Rect(0, 0 - 2880, 1800) mAppBounds=Rect(0, 0 - 2880, 1800) mMaxBounds=Rect(0, 0 - 2880, 1800) mDisplayRotation=ROTATION_90 mWindowingMode=fullscreen mActivityType=undefined mAlwaysOnTop=undefined mRotation=ROTATION_90 mStageConfig=undefined mEmbedActivityMode=undefined mPopOver=off mOverlappingWithCutout=false} s.2648 fontWeightAdjustment=0 ff=0 bf=-1 bts=0 cst=1.0 nightDim=-1 themeSeq=0}
  Application ResourcesConfig={1.0 ?mcc0mnc [fr_FR] ldltr sw900dp w1440dp h900dp 320dpi xlrg compactNeeded hdr widecg land finger -keyb/v/h -nav/h winConfig={ mBounds=Rect(0, 0 - 2880, 1800) mAppBounds=Rect(0, 0 - 2880, 1800) mMaxBounds=Rect(0, 0 - 2880, 1800) mDisplayRotation=ROTATION_90 mWindowingMode=fullscreen mActivityType=undefined mAlwaysOnTop=undefined mRotation=ROTATION_90 mStageConfig=undefined mEmbedActivityMode=undefined mPopOver=off mOverlappingWithCutout=false} s.2648 fontWeightAdjustment=0 ff=0 bf=-1 bts=0 cst=1.0 nightDim=-1 themeSeq=0}
