Applications Graphics Acceleration Info:
Uptime: 991577819 Realtime: 1021255689

** Graphics info for pid 18708 [dev.intervaltablet.benchmark] **

Stats since: 991547590794334ns
Total frames rendered: 476
Janky frames: 476 (100.00%)
Janky frames (legacy): 359 (75.42%)
50th percentile: 18ms
90th percentile: 23ms
95th percentile: 23ms
99th percentile: 26ms
Number Missed Vsync: 0
Number High input latency: 0
Number Slow UI thread: 328
Number Slow bitmap uploads: 0
Number Slow issue draw commands: 399
Number Frame deadline missed: 476
Number Frame deadline missed (legacy): 359
HISTOGRAM: 5ms=0 6ms=0 7ms=0 8ms=0 9ms=0 10ms=0 11ms=2 12ms=6 13ms=5 14ms=71 15ms=109 16ms=41 17ms=2 18ms=7 19ms=16 20ms=36 21ms=61 22ms=72 23ms=37 24ms=4 25ms=1 26ms=2 27ms=4 28ms=0 29ms=0 30ms=0 31ms=0 32ms=0 34ms=0 36ms=0 38ms=0 40ms=0 42ms=0 44ms=0 46ms=0 48ms=0 53ms=0 57ms=0 61ms=0 65ms=0 69ms=0 73ms=0 77ms=0 81ms=0 85ms=0 89ms=0 93ms=0 97ms=0 101ms=0 105ms=0 109ms=0 113ms=0 117ms=0 121ms=0 125ms=0 129ms=0 133ms=0 150ms=0 200ms=0 250ms=0 300ms=0 350ms=0 400ms=0 450ms=0 500ms=0 550ms=0 600ms=0 650ms=0 700ms=0 750ms=0 800ms=0 850ms=0 900ms=0 950ms=0 1000ms=0 1050ms=0 1100ms=0 1150ms=0 1200ms=0 1250ms=0 1300ms=0 1350ms=0 1400ms=0 1450ms=0 1500ms=0 1550ms=0 1600ms=0 1650ms=0 1700ms=0 1750ms=0 1800ms=0 1850ms=0 1900ms=0 1950ms=0 2000ms=0 2050ms=0 2100ms=0 2150ms=0 2200ms=0 2250ms=0 2300ms=0 2350ms=0 2400ms=0 2450ms=0 2500ms=0 2550ms=0 2600ms=0 2650ms=0 2700ms=0 2750ms=0 2800ms=0 2850ms=0 2900ms=0 2950ms=0 3000ms=0 3050ms=0 3100ms=0 3150ms=0 3200ms=0 3250ms=0 3300ms=0 3350ms=0 3400ms=0 3450ms=0 3500ms=0 3550ms=0 3600ms=0 3650ms=0 3700ms=0 3750ms=0 3800ms=0 3850ms=0 3900ms=0 3950ms=0 4000ms=0 4050ms=0 4100ms=0 4150ms=0 4200ms=0 4250ms=0 4300ms=0 4350ms=0 4400ms=0 4450ms=0 4500ms=0 4550ms=0 4600ms=0 4650ms=0 4700ms=0 4750ms=0 4800ms=0 4850ms=0 4900ms=0 4950ms=0
50th gpu percentile: 6ms
90th gpu percentile: 7ms
95th gpu percentile: 7ms
99th gpu percentile: 7ms
GPU HISTOGRAM: 1ms=0 2ms=0 3ms=0 4ms=0 5ms=3 6ms=260 7ms=212 8ms=1 9ms=0 10ms=0 11ms=0 12ms=0 13ms=0 14ms=0 15ms=0 16ms=0 17ms=0 18ms=0 19ms=0 20ms=0 21ms=0 22ms=0 23ms=0 24ms=0 25ms=0 4950ms=0

Pipeline=Skia (Vulkan)
Memory policy:
  Max surface area: 5184000
  Max resource usage: 248.83MB (x48)
  Background retention: 50% (altUiHidden = true)
  GPU Context timeout: 10
Contexts: 1 (stopped = 0)
CPU Caches:
  Glyph Cache: 148.50 KB (1 entry)
  Glyph Count: 45 
Total CPU memory usage:
  152067 bytes, 148.50 KB (0.00 bytes is purgeable)
GPU Caches:
  Other:
    TextBlobCache: 57.34 KB (1 entry)
  Image:
    Texture: 64.00 bytes (1 entry)
  Scratch:
    Texture: 2.00 MB (1 entry)
    Buffer Object: 334.38 KB (12 entries)
    Attachment: 0.00 bytes (2 entries)
Total GPU memory usage:
  2498328 bytes, 2.38 MB (128.19 KB is purgeable)

GraphicBufferAllocator buffers:
            Handle |         Size |     W (Stride) x H | Layers |   Format |      Usage | Requestor
0xb4000079de472710 |      unknown | 1800 (   0) x 2880 |      1 |        1 | 0x     b00 | VRI[MainActivity]@4f3dc3c#0(BLAST Consumer)0
0xb4000079de477850 |      unknown | 1800 (   0) x 2880 |      1 |        1 | 0x     b00 | VRI[MainActivity]@4f3dc3c#0(BLAST Consumer)0
0xb4000079de477e90 |      unknown | 1800 (   0) x 2880 |      1 |        1 | 0x     b00 | VRI[MainActivity]@4f3dc3c#0(BLAST Consumer)0
0xb4000079de478e30 |      unknown | 1800 (   0) x 2880 |      1 |        1 | 0x     b00 | VRI[MainActivity]@4f3dc3c#0(BLAST Consumer)0
Total allocated by GraphicBufferAllocator (estimate): 0.00 KB
Imported gralloc buffers:
+ name:VRI[MainActivity]@4f3dc3c#0(BLAST Consumer)0, id:20569663532559279, size:20616.50KiB, w/h:1800x2880, usage: 0xb00, req fmt:1, fourcc/mod:875708993/0, dataspace: 0x8810000, compressed: false
+ name:VRI[MainActivity]@4f3dc3c#0(BLAST Consumer)0, id:20569663532559280, size:20616.50KiB, w/h:1800x2880, usage: 0xb00, req fmt:1, fourcc/mod:875708993/0, dataspace: 0x8810000, compressed: false
+ name:VRI[MainActivity]@4f3dc3c#0(BLAST Consumer)0, id:20569663532559278, size:20616.50KiB, w/h:1800x2880, usage: 0xb00, req fmt:1, fourcc/mod:875708993/0, dataspace: 0x8810000, compressed: false
+ name:VRI[MainActivity]@4f3dc3c#0(BLAST Consumer)0, id:20569663532559277, size:20616.50KiB, w/h:1800x2880, usage: 0xb00, req fmt:1, fourcc/mod:875708993/0, dataspace: 0x8810000, compressed: false
Total imported by gralloc: 82466.00KiB

Profile data in ms:

	dev.intervaltablet.benchmark/dev.intervaltablet.MainActivity/android.view.ViewRootImpl@431a814 (visibility=0)
Window: dev.intervaltablet.benchmark/dev.intervaltablet.MainActivity
Stats since: 991547590794217ns
Total frames rendered: 476
Janky frames: 476 (100.00%)
Janky frames (legacy): 359 (75.42%)
50th percentile: 18ms
90th percentile: 23ms
95th percentile: 23ms
99th percentile: 26ms
Number Missed Vsync: 0
Number High input latency: 0
Number Slow UI thread: 328
Number Slow bitmap uploads: 0
Number Slow issue draw commands: 399
Number Frame deadline missed: 476
Number Frame deadline missed (legacy): 359
HISTOGRAM: 5ms=0 6ms=0 7ms=0 8ms=0 9ms=0 10ms=0 11ms=2 12ms=6 13ms=5 14ms=71 15ms=109 16ms=41 17ms=2 18ms=7 19ms=16 20ms=36 21ms=61 22ms=72 23ms=37 24ms=4 25ms=1 26ms=2 27ms=4 28ms=0 29ms=0 30ms=0 31ms=0 32ms=0 34ms=0 36ms=0 38ms=0 40ms=0 42ms=0 44ms=0 46ms=0 48ms=0 53ms=0 57ms=0 61ms=0 65ms=0 69ms=0 73ms=0 77ms=0 81ms=0 85ms=0 89ms=0 93ms=0 97ms=0 101ms=0 105ms=0 109ms=0 113ms=0 117ms=0 121ms=0 125ms=0 129ms=0 133ms=0 150ms=0 200ms=0 250ms=0 300ms=0 350ms=0 400ms=0 450ms=0 500ms=0 550ms=0 600ms=0 650ms=0 700ms=0 750ms=0 800ms=0 850ms=0 900ms=0 950ms=0 1000ms=0 1050ms=0 1100ms=0 1150ms=0 1200ms=0 1250ms=0 1300ms=0 1350ms=0 1400ms=0 1450ms=0 1500ms=0 1550ms=0 1600ms=0 1650ms=0 1700ms=0 1750ms=0 1800ms=0 1850ms=0 1900ms=0 1950ms=0 2000ms=0 2050ms=0 2100ms=0 2150ms=0 2200ms=0 2250ms=0 2300ms=0 2350ms=0 2400ms=0 2450ms=0 2500ms=0 2550ms=0 2600ms=0 2650ms=0 2700ms=0 2750ms=0 2800ms=0 2850ms=0 2900ms=0 2950ms=0 3000ms=0 3050ms=0 3100ms=0 3150ms=0 3200ms=0 3250ms=0 3300ms=0 3350ms=0 3400ms=0 3450ms=0 3500ms=0 3550ms=0 3600ms=0 3650ms=0 3700ms=0 3750ms=0 3800ms=0 3850ms=0 3900ms=0 3950ms=0 4000ms=0 4050ms=0 4100ms=0 4150ms=0 4200ms=0 4250ms=0 4300ms=0 4350ms=0 4400ms=0 4450ms=0 4500ms=0 4550ms=0 4600ms=0 4650ms=0 4700ms=0 4750ms=0 4800ms=0 4850ms=0 4900ms=0 4950ms=0
50th gpu percentile: 6ms
90th gpu percentile: 7ms
95th gpu percentile: 7ms
99th gpu percentile: 7ms
GPU HISTOGRAM: 1ms=0 2ms=0 3ms=0 4ms=0 5ms=3 6ms=260 7ms=212 8ms=1 9ms=0 10ms=0 11ms=0 12ms=0 13ms=0 14ms=0 15ms=0 16ms=0 17ms=0 18ms=0 19ms=0 20ms=0 21ms=0 22ms=0 23ms=0 24ms=0 25ms=0 4950ms=0



---PROFILEDATA---
Flags,FrameTimelineVsyncId,IntendedVsync,Vsync,InputEventId,HandleInputStart,AnimationStart,PerformTraversalsStart,DrawStart,FrameDeadline,FrameStartTime,FrameInterval,WorkloadTarget,SyncQueued,SyncStart,IssueDrawCommandsStart,SwapBuffers,FrameCompleted,DequeueBufferDuration,QueueBufferDuration,GpuCompleted,SwapBuffersCompleted,DisplayPresentTime,CommandSubmissionCompleted,
0,15067846,991570246152782,991570246152782,0,991570247981170,991570247982381,991570249304021,991570249400428,991570257263893,991570247974998,11111111,11111111,991570251735857,991570252305506,991570252517498,991570255490076,991570261964139,24609,963945,991570261964139,991570256621131,991570268280623,991570255490076,
0,15067861,991570279486115,991570279486115,0,991570280657381,991570280658162,991570282937107,991570283041053,991570290597226,991570280651639,11111111,11111111,991570289665232,991570290160310,991570290456404,991570294397810,991570300243318,21992,1297969,991570300243318,991570295881053,991570311980935,991570294397810,
0,15067876,991570379116788,991570379116788,0,991570381281873,991570381282850,991570382661600,991570382777967,991570390227899,991570381275350,11111111,11111111,991570385281795,991570385524842,991570385766326,991570389169021,991570395327732,28399,1682812,991570395327732,991570391049959,991570411960740,991570389169021,
0,15067891,991570401339010,991570401339010,0,991570404424373,991570404425740,991570407603279,991570407731287,991570412450121,991570404419139,11111111,11111111,991570415351365,991570415874412,991570416392303,991570419043514,991570425339373,27461,509882,991570425339373,991570419696482,991570434576639,991570419043514,
0,15067906,991570501613954,991570501613954,0,991570503383318,991570503384373,991570504731053,991570504822732,991570512725065,991570503376756,11111111,11111111,991570506931756,991570507307576,991570507512732,991570510292810,991570516559607,23633,1138750,991570516559607,991570511581951,991570523373201,991570510292810,
0,15067921,991570534947287,991570534947287,0,991570535961014,991570535962498,991570539270389,991570539404451,991570546058398,991570535953475,11111111,11111111,991570548917654,991570549049920,991570549187185,991570550591404,991570556510896,14571,297149,991570556510896,991570550958865,991570567293904,991570550591404,
0,15067936,991570634182960,991570634182960,0,991570635038826,991570635039998,991570637187850,991570637303670,991570645294071,991570635031873,11111111,11111111,991570639745701,991570639977771,991570640338553,991570643481521,991570648888904,28437,933945,991570648888904,991570644620701,991570655939100,991570643481521,
0,15067951,991570656405182,991570656405182,0,991570657456248,991570657457029,991570659673748,991570659767225,991570667516293,991570657451443,11111111,11111111,991570668391326,991570668561482,991570668718748,991570671687185,991570677391092,21680,731914,991570677391092,991570672608904,991570689336287,991570671687185,
0,15067966,991570756706532,991570756706532,0,991570758018084,991570758019217,991570759396717,991570759508475,991570767817643,991570758011482,11111111,11111111,991570762128006,991570762775896,991570763019100,991570766605154,991570772168162,25469,1785860,991570772168162,991570768589842,991570778598631,991570766605154,
0,15067981,991570790039865,991570790039865,0,991570791342498,991570791343631,991570794227381,991570794347107,991570801150976,991570791336639,11111111,11111111,991570801729021,991570801842185,991570801973709,991570804810154,991570810575623,14570,599609,991570810575623,991570805571795,991570822584998,991570804810154,
0,15067996,991570889272431,991570889272431,0,991570890149178,991570890151170,991570891550193,991570891669100,991570900383542,991570890142420,11111111,11111111,991570894290037,991570894549803,991570894778553,991570898328396,991570904621873,26328,1530195,991570904621873,991570900178553,991570911876873,991570898328396,
0,15068011,991570911494653,991570911494653,0,991570912883514,991570912884178,991570915554607,991570915672810,991570922605764,991570912877146,11111111,11111111,991570924294568,991570924465037,991570924704998,991570928364998,991570933970506,27500,694922,991570933970506,991570929296560,991570944776170,991570928364998,
0,15068026,991571011931962,991571011931962,0,991571012747615,991571012748709,991571014115935,991571014235623,991571023043073,991571012740350,11111111,11111111,991571016778787,991571017038318,991571017279646,991571020563904,991571026754685,26524,1520000,991571026754685,991571022280037,991571033898084,991571020563904,
0,15068041,991571045265295,991571045265295,0,991571046552810,991571046554139,991571049530896,991571049652771,991571056376406,991571046546521,11111111,11111111,991571058096717,991571058295193,991571058505701,991571061326639,991571067304803,21914,610625,991571067304803,991571062101404,991571078355115,991571061326639,
0,15068056,991571134099093,991571134099093,0,991571135410584,991571135411482,991571137009100,991571137164334,991571145210204,991571135403709,11111111,11111111,991571139546600,991571139809959,991571140625623,991571144922928,991571151015935,195820,1662890,991571151015935,991571146755115,991571166638592,991571144922928,
0,15068071,991571167432426,991571167432426,0,991571168364060,991571168365584,991571170810115,991571170913748,991571178543537,991571168358670,11111111,11111111,991571178443084,991571178815975,991571179343631,991571182115545,991571187940389,20820,1062657,991571187940389,991571183336053,991571199983006,991571182115545,
0,15068086,991571267231415,991571267231415,0,991571269469920,991571269471131,991571270866170,991571271014139,991571278342526,991571269464100,11111111,11111111,991571273626209,991571273892576,991571274119295,991571278197146,991571284236873,27813,2445117,991571284236873,991571280842107,991571300406678,991571278197146,
0,15068101,991571300564748,991571300564748,0,991571302272381,991571302273709,991571305199529,991571305326404,991571311675859,991571302265350,11111111,11111111,991571314032303,991571314209334,991571314439060,991571318033904,991571324196170,26914,1213868,991571324196170,991571319418475,991571333174334,991571318033904,
0,15068116,991571388860812,991571388860812,0,991571389792928,991571389794021,991571391178240,991571391290467,991571399971923,991571389786326,11111111,11111111,991571393827225,991571394452693,991571394695467,991571398038787,991571404159021,26094,1685898,991571404159021,991571399911795,991571411333904,991571398038787,
0,15068131,991571422194145,991571422194145,0,991571423213553,991571423214607,991571426243865,991571426362498,991571433305256,991571423206912,11111111,11111111,991571434522810,991571434726873,991571435008826,991571438525623,991571444551521,28242,646954,991571444551521,991571439341404,991571455262693,991571438525623,
0,15068146,991571522628898,991571522628898,0,991571523461639,991571523463006,991571525107342,991571525233201,991571533740009,991571523454490,11111111,11111111,991571527670975,991571527944803,991571528297107,991571531501678,991571537767420,24921,1679453,991571537767420,991571533382225,991571544556287,991571531501678,
0,15068161,991571555962231,991571555962231,0,991571556753748,991571556755076,991571559460662,991571559598787,991571567073342,991571556747576,11111111,11111111,991571568641326,991571568796639,991571568981053,991571572257654,991571578450818,20273,605625,991571578450818,991571573041678,991571588780935,991571572257654,
0,15068176,991571644667235,991571644667235,0,991571645644920,991571645646287,991571647077693,991571647185818,991571655778346,991571645637029,11111111,11111111,991571649897615,991571650168240,991571650407146,991571654999764,991571660605076,28008,1355508,991571660605076,991571656842381,991571677707654,991571654999764,
0,15068191,991571678000568,991571678000568,0,991571679348279,991571679349646,991571682315154,991571682434725,991571689111679,991571679341912,11111111,11111111,991571689707771,991571689812029,991571689987928,991571693042342,991571698867146,22968,631367,991571698867146,991571693829021,991571710607654,991571693042342,
0,15068206,991571777889618,991571777889618,0,991571779986248,991571779987850,991571781839217,991571781952068,991571789000729,991571779978475,11111111,11111111,991571784591053,991571784858084,991571785088123,991571788508240,991571794495389,25235,2011758,991571794495389,991571790726912,991571810477498,991571788508240,
0,15068221,991571800111840,991571800111840,0,991571802100232,991571802101600,991571805608904,991571805747850,991571811222951,991571802094568,11111111,11111111,991571814309842,991571814829490,991571815224060,991571818285506,991571824116482,27969,664922,991571824116482,991571819114646,991571832637771,991571818285506,
0,15068236,991571899929874,991571899929874,0,991571901663475,991571901664881,991571903376170,991571903486482,991571911040985,991571901656678,11111111,11111111,991571906104998,991571906760506,991571907000271,991571910460545,991571916651131,27656,1392148,991571916651131,991571912184451,991571932910623,991571910460545,
0,15068251,991571933263207,991571933263207,0,991571934563123,991571934564568,991571937589060,991571937706600,991571944374318,991571934556756,11111111,11111111,991571946374021,991571946575193,991571946845389,991571950626873,991571956801014,27344,632187,991571956801014,991571951426248,991571965816482,991571950626873,
0,15068266,991572032699718,991572032699718,0,991572033638631,991572033640310,991572035028006,991572035150076,991572043810829,991572033632654,11111111,11111111,991572037819685,991572038090935,991572038325584,991572041669178,991572048020154,27226,1685899,991572048020154,991572043546795,991572054981834,991572041669178,
0,15068281,991572054921940,991572054921940,0,991572056432420,991572056433396,991572059532850,991572059661482,991572066033051,991572056427420,11111111,11111111,991572067724998,991572067907420,991572068223982,991572069808592,991572075644060,21875,318164,991572075644060,991572070203865,991572087914451,991572069808592,
0,15068296,991572155132843,991572155132843,0,991572157385545,991572157386443,991572158733943,991572158883396,991572166243954,991572157378357,11111111,11111111,991572161570740,991572161797107,991572162011560,991572166049295,991572172147146,25742,1770781,991572172147146,991572168239451,991572187842967,991572166049295,
0,15068311,991572188466176,991572188466176,0,991572189859256,991572189860506,991572192776209,991572192892068,991572199577287,991572189852576,11111111,11111111,991572201258396,991572201376912,991572201549998,991572204664490,991572210554100,22695,510703,991572210554100,991572205336248,991572221455154,991572204664490,
0,15068326,991572288315165,991572288315165,0,991572289196560,991572289197732,991572290589139,991572290708631,991572299426276,991572289190506,11111111,11111111,991572293311092,991572293991521,991572294250818,991572297628475,991572303657654,27813,1550273,991572303657654,991572299380545,991572309932303,991572297628475,
0,15068341,991572310537387,991572310537387,0,991572311860740,991572311861717,991572314854490,991572314987107,991572321648498,991572311854685,11111111,11111111,991572322529412,991572322730350,991572323021209,991572325661404,991572331368553,21015,1289766,991572331368553,991572327140467,991572343186014,991572325661404,
0,15068356,991572410065187,991572410065187,0,991572411277264,991572411277967,991572412716560,991572412824881,991572421176298,991572411270896,11111111,11111111,991572415233904,991572415880193,991572416321756,991572419483904,991572425534803,29492,1638047,991572425534803,991572421486131,991572432636170,991572419483904,
0,15068371,991572443398520,991572443398520,0,991572444412850,991572444413904,991572447121678,991572447245350,991572454509631,991572444406521,11111111,11111111,991572456887654,991572457257342,991572457456951,991572460580193,991572466842498,21406,1147343,991572466842498,991572461891756,991572476801521,991572460580193,
0,15068386,991572532154523,991572532154523,0,991572532998318,991572532999685,991572534707342,991572534825975,991572543265634,991572532992225,11111111,11111111,991572537401912,991572537667615,991572537891170,991572541288201,991572547642537,27188,1081446,991572547642537,991572542563787,991572554565896,991572541288201,
0,15068401,991572565487856,991572565487856,0,991572566656170,991572566657107,991572569756834,991572569876326,991572576598967,991572566650389,11111111,11111111,991572578013045,991572578122498,991572578277693,991572581373787,991572587637615,20312,1028945,991572587637615,991572582568709,991572598516834,991572581373787,
0,15068416,991572665969501,991572665969501,0,991572667193279,991572667194490,991572668804412,991572668917889,991572677080612,991572667186756,11111111,11111111,991572671359021,991572672003748,991572672410310,991572676627185,991572682731131,27774,1122734,991572682731131,991572678210779,991572698893279,991572676627185,
0,15068431,991572699302834,991572699302834,0,991572700947264,991572700948553,991572703762381,991572703883123,991572710413945,991572700940740,11111111,11111111,991572712607342,991572712793826,991572713000193,991572714894139,991572721613084,19570,454609,991572721613084,991572715497381,991572731698514,991572714894139,
0,15068446,991572787899227,991572787899227,0,991572788877146,991572788878357,991572789937498,991572790023514,991572799010338,991572788872185,11111111,11111111,991572791939490,991572792138553,991572792347732,991572795561990,991572800854529,26602,2425977,991572800854529,991572798184217,991572809260076,991572795561990,
0,15068461,991572821232560,991572821232560,0,991572822180701,991572822181990,991572824981170,991572825093240,991572832343671,991572822174295,11111111,11111111,991572832965818,991572833083514,991572833226287,991572834646795,991572840550115,14687,307812,991572840550115,991572835030467,991572853709764,991572834646795,
0,15068476,991572921115499,991572921115499,0,991572922383904,991572922384920,991572923811639,991572923931912,991572932226610,991572922377498,11111111,11111111,991572926467928,991572927098826,991572927341678,991572930774178,991572937020076,27031,2092422,991572937020076,991572933069607,991572942995271,991572930774178,
0,15068491,991572943337721,991572943337721,0,991572946179412,991572946180350,991572949022693,991572949149490,991572954448832,991572946172967,11111111,11111111,991572957392459,991572957552889,991572957786482,991572961468123,991572967208748,27773,1293086,991572967208748,991572962940506,991572975883982,991572961468123,
0,15068506,991573042593407,991573042593407,0,991573043797498,991573043798787,991573045389725,991573045504256,991573053704518,991573043790506,11111111,11111111,991573047897732,991573048178162,991573048392068,991573051685428,991573057796639,27891,1855820,991573057796639,991573053732420,991573065112928,991573051685428,
0,15068521,991573075926740,991573075926740,0,991573078033631,991573078034529,991573081046209,991573081170701,991573087037851,991573078026600,11111111,11111111,991573089521834,991573089638123,991573089800232,991573092930584,991573098744685,21016,1064063,991573098744685,991573094152303,991573109090154,991573092930584,
0,15068536,991573176328602,991573176328602,0,991573177630935,991573177632029,991573179559607,991573179680115,991573187439713,991573177624803,11111111,11111111,991573182268709,991573182541014,991573182770818,991573186246912,991573192609959,29609,1674453,991573192609959,991573188311170,991573198182459,991573186246912,
0,15068551,991573198550824,991573198550824,0,991573200348865,991573200349998,991573202993318,991573203123670,991573209661935,991573200342654,11111111,11111111,991573210388943,991573210575467,991573210831131,991573214284568,991573220001756,26094,616094,991573220001756,991573215071795,991573231183670,991573214284568,
0,15068566,991573298446259,991573298446259,0,991573299760310,991573299761404,991573301305271,991573301423162,991573309557370,991573299753826,11111111,11111111,991573303846365,991573304472303,991573304709685,991573307926131,991573314236014,24922,2269570,991573314236014,991573310391912,991573320471521,991573307926131,
0,15068581,991573331779592,991573331779592,0,991573333479490,991573333480545,991573336413943,991573336530232,991573342890703,991573333473826,11111111,11111111,991573345145584,991573345253045,991573345408748,991573348440623,991573354273201,20898,1035195,991573354273201,991573349626756,991573364417107,991573348440623,
0,15068596,991573431515790,991573431515790,0,991573432827850,991573432829178,991573434236404,991573434347381,991573442626901,991573432820935,11111111,11111111,991573436881717,991573437153435,991573437390506,991573440700857,991573446769959,28516,1568594,991573446769959,991573442487537,991573453148904,991573440700857,
0,15068611,991573453738012,991573453738012,0,991573454874451,991573454875310,991573458527928,991573458669490,991573464849123,991573454867615,11111111,11111111,991573466645623,991573466825154,991573467072771,991573470559803,991573476297810,26835,609258,991573476297810,991573471334881,991573486390740,991573470559803,
0,15068626,991573553804852,991573553804852,0,991573555036287,991573555037303,991573556523514,991573556634881,991573564915963,991573555030584,11111111,11111111,991573559121131,991573559759764,991573560002303,991573563300506,991573569584998,29141,2141992,991573569584998,991573565657185,991573575689139,991573563300506,
0,15068641,991573587138185,991573587138185,0,991573589236600,991573589238279,991573591978709,991573592246092,991573598249296,991573589229685,11111111,11111111,991573601284959,991573601398826,991573601564607,991573604701209,991573610637420,20938,1114961,991573610637420,991573605971131,991573619639178,991573604701209,
0,15068656,991573686482235,991573686482235,0,991573687786326,991573687788240,991573689361482,991573689485115,991573697593346,991573687779139,11111111,11111111,991573691830115,991573692317342,991573692543865,991573695750935,991573702161482,28867,1760429,991573702161482,991573697837537,991573708635584,991573695750935,
0,15068671,991573708704457,991573708704457,0,991573709681209,991573709683201,991573712467693,991573712846717,991573719815568,991573709674412,11111111,11111111,991573718328709,991573718691951,991573718930350,991573721614803,991573727794646,21016,720859,991573727794646,991573722479842,991573741752264,991573721614803,
0,15068686,991573809022470,991573809022470,0,991573810350975,991573810351912,991573811836951,991573811949178,991573820133581,991573810343826,11111111,11111111,991573814540154,991573814813631,991573815045350,991573818393201,991573824438592,26055,2344297,991573824438592,991573820941560,991573830577068,991573818393201,
0,15068701,991573842355803,991573842355803,0,991573843392342,991573843393279,991573846090037,991573846206600,991573853466914,991573843387225,11111111,11111111,991573853447732,991573853666209,991573853888982,991573857122498,991573862733162,21133,1148945,991573862733162,991573858437264,991573874819412,991573857122498,
0,15068716,991573930857804,991573930857804,0,991573931852420,991573931853514,991573933321521,991573933438201,991573941968915,991573931845428,11111111,11111111,991573935953123,991573936201873,991573936422810,991573940429178,991573946675115,27618,688438,991573946675115,991573941318982,991573953083709,991573940429178,
0,15068731,991573964191137,991573964191137,0,991573965207615,991573965208279,991573967963631,991573968215623,991573975302248,991573965200584,11111111,11111111,991573977052381,991573977260271,991573977406092,991573980469764,991573986632928,21445,593632,991573986632928,991573981211404,991573997263670,991573980469764,
0,15068746,991574063910399,991574063910399,0,991574064923318,991574064924881,991574066387068,991574066497029,991574075021510,991574064916912,11111111,11111111,991574069011131,991574069271209,991574069498787,991574072975623,991574079097771,26641,1442890,991574079097771,991574074619256,991574086255506,991574072975623,
0,15068761,991574097243732,991574097243732,0,991574098098084,991574098099451,991574101017068,991574101135975,991574108354843,991574098090975,11111111,11111111,991574109861873,991574110073475,991574110357850,991574114247654,991574120424529,28907,760546,991574120424529,991574115199412,991574130252537,991574114247654,
0,15068776,991574186417040,991574186417040,0,991574187332303,991574187333396,991574188887225,991574189000076,991574197528151,991574187325662,11111111,11111111,991574191472928,991574192226365,991574192451482,991574197489920,991574203817889,27187,1478945,991574203817889,991574199208045,991574219359646,991574197489920,
0,15068791,991574219750373,991574219750373,0,991574220846443,991574220848357,991574223614060,991574223800467,991574230861484,991574220840076,11111111,11111111,991574232180779,991574232322146,991574232485779,991574234149334,991574240610975,15938,441171,991574240610975,991574234725467,991574252507185,991574234149334,
0,15068806,991574319588837,991574319588837,0,991574321671912,991574321672850,991574323077615,991574323193514,991574330699948,991574321665662,11111111,11111111,991574325784295,991574326051639,991574326286365,991574329729764,991574336163435,27891,1605820,991574336163435,991574331531912,991574352570076,991574329729764,
0,15068821,991574352922170,991574352922170,0,991574354168006,991574354168982,991574357156951,991574357280037,991574364033281,991574354161521,11111111,11111111,991574365294529,991574365392068,991574365549451,991574368673553,991574374716639,21093,1088320,991574374716639,991574369929959,991574385440350,991574368673553,
0,15068836,991574441581866,991574441581866,0,991574442958279,991574442959529,991574444482107,991574444604568,991574452692977,991574442951600,11111111,11111111,991574447088709,991574447333475,991574447573435,991574451812068,991574457180428,28671,1584453,991574457180428,991574453607342,991574474391482,991574451812068,
0,15068851,991574474915199,991574474915199,0,991574476418279,991574476419217,991574479220037,991574479348475,991574486026310,991574476412810,11111111,11111111,991574488888318,991574489009764,991574489195271,991574492264490,991574498085701,20585,1175000,991574498085701,991574493619217,991574507571014,991574492264490,
0,15068866,991574574792296,991574574792296,0,991574575619334,991574575620623,991574577244725,991574577369646,991574585903407,991574575612967,11111111,11111111,991574579879451,991574580154217,991574580378709,991574583624295,991574589293982,28555,1676719,991574589293982,991574585511639,991574596667029,991574583624295,
0,15068881,991574597014518,991574597014518,0,991574599431404,991574599432732,991574602830935,991574602964529,991574608125629,991574599425037,11111111,11111111,991574610298279,991574610396287,991574610545935,991574613822068,991574619604764,21484,651563,991574619604764,991574614639217,991574629631482,991574613822068,
0,15068896,991574696613702,991574696613702,0,991574697875935,991574697877459,991574699241873,991574699352420,991574707724813,991574697869295,11111111,11111111,991574701915506,991574701962107,991574702235896,991574706429529,991574712471639,29023,3126602,991574712471639,991574709742107,991574718965310,991574706429529,
0,15068911,991574729947035,991574729947035,0,991574730902732,991574730904334,991574733816053,991574733968865,991574741058146,991574730896209,11111111,11111111,991574742173201,991574742368475,991574742640584,991574746351717,991574752134451,28477,1311133,991574752134451,991574747836209,991574762852107,991574746351717,
0,15068926,991574830000360,991574830000360,0,991574831325975,991574831327303,991574832904842,991574833026131,991574841111471,991574831319451,11111111,11111111,991574835432303,991574835699685,991574835928201,991574839289373,991574844768592,25937,1871211,991574844768592,991574841792732,991574852243787,991574839289373,
0,15068941,991574852222582,991574852222582,0,991574853545935,991574853546639,991574856388357,991574857114764,991574863333693,991574853539256,11111111,11111111,991574865634021,991574865826795,991574866086248,991574869798709,991574875503162,28320,751055,991574875503162,991574870735115,991574885015818,991574869798709,
0,15068956,991574952298641,991574952298641,0,991574953547342,991574953549178,991574954912264,991574955018670,991574963409752,991574953540037,11111111,11111111,991574957899529,991574958182537,991574958415975,991574961710975,991574967138084,27657,1514805,991574967138084,991574963546795,991574973749568,991574961710975,
0,15068971,991574985631974,991574985631974,0,991574987020193,991574987021365,991574989998748,991574990121521,991574996743085,991574987014021,11111111,11111111,991574997816560,991574997933279,991574998092459,991575001232381,991575007025857,21797,1112773,991575007025857,991575002503748,991575018148904,991575001232381,
0,15068986,991575074466007,991575074466007,0,991575075523631,991575075525076,991575077204256,991575077336443,991575085577118,991575075516834,11111111,11111111,991575079788982,991575080166600,991575080379178,991575084560193,991575090254490,23672,676953,991575090254490,991575085433396,991575106959529,991575084560193,
0,15069001,991575107799340,991575107799340,0,991575109182381,991575109183709,991575111982185,991575112240896,991575118910451,991575109175935,11111111,11111111,991575121109607,991575121253396,991575121489529,991575125019646,991575130818553,24922,902695,991575130818553,991575126110428,991575140498045,991575125019646,
0,15069016,991575207082899,991575207082899,0,991575208671326,991575208672381,991575210472225,991575210598748,991575218194010,991575208664256,11111111,11111111,991575213166560,991575213433631,991575213657928,991575217155154,991575222956287,26289,731015,991575222956287,991575218888709,991575240346014,991575217155154,
0,15069031,991575240416232,991575240416232,0,991575241286912,991575241288553,991575244285545,991575244408709,991575251527343,991575241280076,11111111,11111111,991575252848670,991575253016170,991575253264803,991575256840935,991575262838201,26602,771562,991575262838201,991575257788631,991575273921990,991575256840935,
0,15069046,991575329181749,991575329181749,0,991575330138318,991575330139725,991575331512342,991575331640623,991575340292860,991575330131678,11111111,11111111,991575334269334,991575335062615,991575335532225,991575343157771,991575349245623,51172,1535586,991575349245623,991575344910935,991575362729998,991575343157771,
0,15069061,991575362515082,991575362515082,0,991575363857107,991575363857810,991575366703904,991575366821170,991575373626193,991575363850623,11111111,11111111,991575376255701,991575376663904,991575376880271,991575378824451,991575384734060,19024,1352812,991575384734060,991575380373904,991575395511521,991575378824451,
0,15069076,991575462568234,991575462568234,0,991575463878084,991575463879490,991575465453162,991575465606131,991575473679345,991575463870818,11111111,11111111,991575468283357,991575468529100,991575468757146,991575471901287,991575478249178,28007,2433984,991575478249178,991575474531482,991575484656600,991575471901287,
0,15069091,991575495901567,991575495901567,0,991575497609607,991575497611482,991575500514256,991575500634178,991575507012678,991575497603553,11111111,11111111,991575509639764,991575509747967,991575509875584,991575512665037,991575518717654,13711,1108125,991575518717654,991575513927420,991575528719334,991575512665037,
0,15069106,991575584952218,991575584952218,0,991575585860662,991575585861639,991575587306326,991575587426365,991575596063329,991575585854568,11111111,11111111,991575590105115,991575590359373,991575590589100,991575594606482,991575599776600,26133,870820,991575599776600,991575595676912,991575606413592,991575594606482,
0,15069121,991575618285551,991575618285551,0,991575619245935,991575619246951,991575622113279,991575622235857,991575629396662,991575619241717,11111111,11111111,991575631935232,991575632225076,991575632577068,991575634625076,991575641440467,21875,516758,991575641440467,991575635318514,991575650817498,991575634625076,
0,15069136,991575717989931,991575717989931,0,991575719289959,991575719291756,991575720867771,991575720989920,991575729101042,991575719283475,11111111,11111111,991575723401678,991575723656209,991575723876521,991575727990076,991575734481053,27148,806796,991575734481053,991575730164178,991575750749373,991575727990076,
0,15069151,991575740212153,991575740212153,0,991575743042185,991575743043279,991575746392107,991575746524178,991575751323264,991575743038943,11111111,11111111,991575754693787,991575755215701,991575755602771,991575757502381,991575763506639,28906,306601,991575763506639,991575757878084,991575772901170,991575757502381,
0,15069166,991575839746923,991575839746923,0,991575841460271,991575841462185,991575842830662,991575842968709,991575850858034,991575841453865,11111111,11111111,991575845583514,991575845843396,991575846072420,991575849397107,991575855766326,27500,2289219,991575855766326,991575851871990,991575862157420,991575849397107,
0,15069181,991575873080256,991575873080256,0,991575874453084,991575874454412,991575877402381,991575877522810,991575884191367,991575874446639,11111111,11111111,991575885714998,991575885828357,991575885986639,991575889136482,991575895332381,21289,1077461,991575895332381,991575890375037,991575906546326,991575889136482,
0,15069196,991575972971593,991575972971593,0,991575974679490,991575974680545,991575976176209,991575976294685,991575984082704,991575974672615,11111111,11111111,991575978783162,991575979434607,991575979677967,991575982974412,991575988316600,27109,2215312,991575988316600,991575985394021,991576005901209,991575982974412,
0,15069211,991575995193815,991575995193815,0,991575996918396,991575996919295,991576000426287,991576000598123,991576006304926,991575996912889,11111111,11111111,991576009499725,991576009706717,991576009952889,991576013197420,991576019214412,22735,576250,991576019214412,991576013928006,991576029040857,991576013197420,
0,15069226,991576095490751,991576095490751,0,991576096549881,991576096551131,991576097665975,991576097757732,991576106601862,991576096543084,11111111,11111111,991576099614021,991576099802654,991576099997810,991576103145584,991576109042303,23789,1471993,991576109042303,991576104811287,991576116986951,991576103145584,
0,15069241,991576128824084,991576128824084,0,991576130165779,991576130167107,991576133203318,991576133323279,991576139935195,991576130158475,11111111,11111111,991576141616326,991576141803279,991576142068279,991576145825740,991576151577537,27618,1349922,991576151577537,991576147374920,991576161543279,991576145825740,
0,15069256,991576228123429,991576228123429,0,991576229405350,991576229406951,991576231265779,991576231385037,991576239234540,991576229398201,11111111,11111111,991576233923396,991576234193709,991576234418943,991576237709060,991576244069139,26953,1491601,991576244069139,991576239547303,991576250645154,991576237709060,
0,15069271,991576250345651,991576250345651,0,991576251273123,991576251274568,991576254213123,991576254327537,991576261456762,991576251266756,11111111,11111111,991576262496404,991576262698514,991576262967185,991576266546600,991576272320154,29493,1195703,991576272320154,991576267904295,991576283711990,991576266546600,
0,15069286,991576350320282,991576350320282,0,991576351665271,991576351666365,991576353324803,991576353448553,991576361431393,991576351658553,11111111,11111111,991576355929139,991576356578709,991576356823631,991576360273006,991576366264959,26718,1857578,991576366264959,991576362336014,991576383691443,991576360273006,
0,15069301,991576383653615,991576383653615,0,991576384958123,991576384959607,991576387714021,991576387834646,991576394764726,991576384951639,11111111,11111111,991576397098162,991576397270428,991576397517420,991576401307537,991576407579764,26953,1499726,991576407579764,991576403009373,991576416861521,991576401307537,
0,15069316,991576472867374,991576472867374,0,991576474157420,991576474158787,991576475897576,991576476158045,991576483978485,991576474151014,11111111,11111111,991576478620467,991576479262185,991576479500975,991576483211756,991576488846639,27148,688281,991576488846639,991576485132381,991576506007068,991576483211756,
0,15069331,991576506200707,991576506200707,0,991576507195779,991576507196756,991576510308279,991576510429060,991576517311818,991576507188982,11111111,11111111,991576517638943,991576517761053,991576517895154,991576520981131,991576526822146,14102,1162891,991576526822146,991576522308670,991576538726014,991576520981131,
0,15069346,991576605913663,991576605913663,0,991576607159060,991576607160154,991576608609842,991576608727771,991576617024774,991576607152967,11111111,11111111,991576611137654,991576611776326,991576612229178,991576615459803,991576621595193,28242,1647968,991576621595193,991576617311014,991576627963435,991576615459803,
0,15069361,991576639246996,991576639246996,0,991576640174021,991576640175389,991576642989607,991576643120115,991576650358107,991576640167225,11111111,11111111,991576652540506,991576652678006,991576652864568,991576655902381,991576662696287,21836,720547,991576662696287,991576656764725,991576672002693,991576655902381,
0,15069376,991576728229288,991576728229288,0,991576729202459,991576729203514,991576730678318,991576730792146,991576739340399,991576729196365,11111111,11111111,991576733390467,991576733652615,991576733874295,991576738314295,991576744325779,26367,616289,991576744325779,991576739128982,991576760776365,991576738314295,
0,15069391,991576761562621,991576761562621,0,991576762592693,991576762594295,991576765634764,991576765751678,991576772673732,991576762585857,11111111,11111111,991576773796795,991576773911209,991576774040975,991576775453670,991576781795350,13750,362891,991576781795350,991576775888709,991576793982810,991576775453670,
0,15069406,991576861296766,991576861296766,0,991576863414568,991576863415506,991576865009998,991576865130271,991576872407877,991576863407420,11111111,11111111,991576867554725,991576867826873,991576868228943,991576871446717,991576878005506,26953,1974414,991576878005506,991576873621873,991576894272146,991576871446717,
0,15069421,991576883518988,991576883518988,0,991576886809139,991576886810271,991576890175896,991576890306053,991576894630099,991576886804100,11111111,11111111,991576898321912,991576898772146,991576899121131,991576901864881,991576907693084,25586,714492,991576907693084,991576902749334,991576916237732,991576901864881,
0,15069436,991576982998585,991576982998585,0,991576985008475,991576985010076,991576986388787,991576986501404,991576994109696,991576985002459,11111111,11111111,991576989011092,991576989272615,991576989505857,991576992907068,991576998980271,28516,2102071,991576998980271,991576995206365,991577005026834,991576992907068,
0,15069451,991577016331918,991577016331918,0,991577017762107,991577017763162,991577020743826,991577020861482,991577027443029,991577017756014,11111111,11111111,991577028235154,991577028371014,991577028498631,991577029970545,991577035750779,13984,1153359,991577035750779,991577031283709,991577049204100,991577029970545,
0,15069466,991577116494366,991577116494366,0,991577117753865,991577117755037,991577119147615,991577119263787,991577127605477,991577117746717,11111111,11111111,991577121899373,991577122159451,991577122386560,991577125812732,991577131695662,25899,1448438,991577131695662,991577127463475,991577138131053,991577125812732,
0,15069481,991577138716588,991577138716588,0,991577140249842,991577140251404,991577143052342,991577143180818,991577149827699,991577140243475,11111111,11111111,991577151673279,991577151866443,991577152223787,991577155437420,991577161192068,30508,1310508,991577161192068,991577156920818,991577171417225,991577155437420,
0,15069496,991577238360165,991577238360165,0,991577239593592,991577239594607,991577241085857,991577241193826,991577249471276,991577239586756,11111111,11111111,991577243604803,991577243851678,991577244316795,991577248457498,991577254932537,29961,805703,991577254932537,991577249471795,991577271336560,991577248457498,
0,15069511,991577271693498,991577271693498,0,991577272967303,991577272968709,991577275644568,991577275797420,991577282804609,991577272960115,11111111,11111111,991577284908553,991577285024256,991577285202576,991577288269568,991577294439842,22110,1017226,991577294439842,991577289452967,991577304587576,991577288269568,
0,15069526,991577371464384,991577371464384,0,991577372776287,991577372777810,991577374154060,991577374268943,991577382575495,991577372769959,11111111,11111111,991577376842107,991577377118904,991577377348514,991577380670467,991577386703201,25156,1762344,991577386703201,991577382628865,991577393429295,991577380670467,
0,15069541,991577393686606,991577393686606,0,991577394556873,991577394558279,991577398269529,991577398399334,991577404797717,991577394549959,11111111,11111111,991577406409139,991577406603357,991577406837732,991577410592928,991577416375193,27422,620078,991577416375193,991577411390662,991577426691287,991577410592928,
0,15069556,991577493558780,991577493558780,0,991577494800740,991577494802342,991577496308787,991577496435623,991577504669891,991577494794334,11111111,11111111,991577498880467,991577499514060,991577499752693,991577503159021,991577509436170,27188,2129180,991577509436170,991577505484060,991569890812185,991577503159021,
0,15069571,991577526892113,991577526892113,0,991577528666990,991577528668787,991577531372303,991577531491639,991577538003224,991577528660232,11111111,11111111,991577540862498,991577541047654,991577541314021,991577545092459,991577550874959,28789,1390117,991577550874959,991577546668904,991569934608318,991577545092459,
0,15069586,991577626762626,991577626762626,0,991577628339764,991577628340779,991577629748553,991577629868396,991577637873737,991577628333201,11111111,11111111,991577632414256,991577633060350,991577633304842,991577636716795,991577642759881,26953,2276562,991577642759881,991577639195350,991570012819451,991577636716795,
0,15069601,991577648984848,991577648984848,0,991577650345896,991577650347146,991577653970545,991577654104217,991577660095959,991577650340975,11111111,11111111,991577662786756,991577662978084,991577663239568,991577666739295,991577672498123,26485,1159922,991577672498123,991577668170662,991570056883240,991577666739295,
0,15069616,991577749254188,991577749254188,0,991577750978123,991577750979920,991577752585857,991577752703670,991577760365299,991577750971678,11111111,11111111,991577754720389,991577754909959,991577755395467,991577758650310,991577764139529,170820,1606875,991577764139529,991577760530232,991570156894568,991577758650310,
0,15069631,991577771476410,991577771476410,0,991577772487146,991577772488162,991577773470701,991577773523982,991577782587521,991577772483826,11111111,11111111,991577776806756,991577776941365,991577777089529,991577778852615,991577784843084,17071,697734,991577784843084,991577779662850,991570189893670,991577778852615,
---PROFILEDATA---


View hierarchy:

  dev.intervaltablet.benchmark/dev.intervaltablet.MainActivity/android.view.ViewRootImpl@431a814
  16 views, 25,54 kB of render nodes


Total ViewRootImpl   : 1
Total attached Views : 16
Total RenderNode     : 25,54 kB (used) / 57,69 kB (capacity)

  ProcessConfig={1.0 ?mcc0mnc [fr_FR] ldltr sw900dp w1440dp h900dp 320dpi xlrg compactNeeded hdr widecg land finger -keyb/v/h -nav/h winConfig={ mBounds=Rect(0, 0 - 2880, 1800) mAppBounds=Rect(0, 0 - 2880, 1800) mMaxBounds=Rect(0, 0 - 2880, 1800) mDisplayRotation=ROTATION_90 mWindowingMode=fullscreen mActivityType=undefined mAlwaysOnTop=undefined mRotation=ROTATION_90 mStageConfig=undefined mEmbedActivityMode=undefined mPopOver=off mOverlappingWithCutout=false} s.2648 fontWeightAdjustment=0 ff=0 bf=-1 bts=0 cst=1.0 nightDim=-1 themeSeq=0}
  Application ResourcesConfig={1.0 ?mcc0mnc [fr_FR] ldltr sw900dp w1440dp h900dp 320dpi xlrg compactNeeded hdr widecg land finger -keyb/v/h -nav/h winConfig={ mBounds=Rect(0, 0 - 2880, 1800) mAppBounds=Rect(0, 0 - 2880, 1800) mMaxBounds=Rect(0, 0 - 2880, 1800) mDisplayRotation=ROTATION_90 mWindowingMode=fullscreen mActivityType=undefined mAlwaysOnTop=undefined mRotation=ROTATION_90 mStageConfig=undefined mEmbedActivityMode=undefined mPopOver=off mOverlappingWithCutout=false} s.2648 fontWeightAdjustment=0 ff=0 bf=-1 bts=0 cst=1.0 nightDim=-1 themeSeq=0}
