Applications Graphics Acceleration Info:
Uptime: 991818991 Realtime: 1021496861

** Graphics info for pid 18708 [dev.intervaltablet.benchmark] **

Stats since: 991788862399685ns
Total frames rendered: 474
Janky frames: 474 (100.00%)
Janky frames (legacy): 307 (64.77%)
50th percentile: 18ms
90th percentile: 22ms
95th percentile: 23ms
99th percentile: 26ms
Number Missed Vsync: 0
Number High input latency: 0
Number Slow UI thread: 278
Number Slow bitmap uploads: 0
Number Slow issue draw commands: 386
Number Frame deadline missed: 474
Number Frame deadline missed (legacy): 307
HISTOGRAM: 5ms=0 6ms=0 7ms=0 8ms=0 9ms=0 10ms=0 11ms=0 12ms=8 13ms=33 14ms=144 15ms=42 16ms=6 17ms=2 18ms=7 19ms=25 20ms=34 21ms=76 22ms=66 23ms=22 24ms=2 25ms=2 26ms=2 27ms=3 28ms=0 29ms=0 30ms=0 31ms=0 32ms=0 34ms=0 36ms=0 38ms=0 40ms=0 42ms=0 44ms=0 46ms=0 48ms=0 53ms=0 57ms=0 61ms=0 65ms=0 69ms=0 73ms=0 77ms=0 81ms=0 85ms=0 89ms=0 93ms=0 97ms=0 101ms=0 105ms=0 109ms=0 113ms=0 117ms=0 121ms=0 125ms=0 129ms=0 133ms=0 150ms=0 200ms=0 250ms=0 300ms=0 350ms=0 400ms=0 450ms=0 500ms=0 550ms=0 600ms=0 650ms=0 700ms=0 750ms=0 800ms=0 850ms=0 900ms=0 950ms=0 1000ms=0 1050ms=0 1100ms=0 1150ms=0 1200ms=0 1250ms=0 1300ms=0 1350ms=0 1400ms=0 1450ms=0 1500ms=0 1550ms=0 1600ms=0 1650ms=0 1700ms=0 1750ms=0 1800ms=0 1850ms=0 1900ms=0 1950ms=0 2000ms=0 2050ms=0 2100ms=0 2150ms=0 2200ms=0 2250ms=0 2300ms=0 2350ms=0 2400ms=0 2450ms=0 2500ms=0 2550ms=0 2600ms=0 2650ms=0 2700ms=0 2750ms=0 2800ms=0 2850ms=0 2900ms=0 2950ms=0 3000ms=0 3050ms=0 3100ms=0 3150ms=0 3200ms=0 3250ms=0 3300ms=0 3350ms=0 3400ms=0 3450ms=0 3500ms=0 3550ms=0 3600ms=0 3650ms=0 3700ms=0 3750ms=0 3800ms=0 3850ms=0 3900ms=0 3950ms=0 4000ms=0 4050ms=0 4100ms=0 4150ms=0 4200ms=0 4250ms=0 4300ms=0 4350ms=0 4400ms=0 4450ms=0 4500ms=0 4550ms=0 4600ms=0 4650ms=0 4700ms=0 4750ms=0 4800ms=0 4850ms=0 4900ms=0 4950ms=0
50th gpu percentile: 6ms
90th gpu percentile: 7ms
95th gpu percentile: 7ms
99th gpu percentile: 7ms
GPU HISTOGRAM: 1ms=0 2ms=0 3ms=0 4ms=0 5ms=6 6ms=394 7ms=74 8ms=0 9ms=0 10ms=0 11ms=0 12ms=0 13ms=0 14ms=0 15ms=0 16ms=0 17ms=0 18ms=0 19ms=0 20ms=0 21ms=0 22ms=0 23ms=0 24ms=0 25ms=0 4950ms=0

Pipeline=Skia (Vulkan)
Memory policy:
  Max surface area: 5184000
  Max resource usage: 248.83MB (x48)
  Background retention: 50% (altUiHidden = true)
  GPU Context timeout: 10
Contexts: 1 (stopped = 0)
CPU Caches:
  Glyph Cache: 148.50 KB (1 entry)
  Glyph Count: 45 
Total CPU memory usage:
  152067 bytes, 148.50 KB (0.00 bytes is purgeable)
GPU Caches:
  Other:
    TextBlobCache: 56.25 KB (1 entry)
  Image:
    Texture: 64.00 bytes (1 entry)
  Scratch:
    Texture: 2.00 MB (1 entry)
    Buffer Object: 334.38 KB (12 entries)
    Attachment: 0.00 bytes (2 entries)
Total GPU memory usage:
  2497216 bytes, 2.38 MB (128.19 KB is purgeable)

GraphicBufferAllocator buffers:
            Handle |         Size |     W (Stride) x H | Layers |   Format |      Usage | Requestor
0xb4000079de472710 |      unknown | 1800 (   0) x 2880 |      1 |        1 | 0x     b00 | VRI[MainActivity]@4f3dc3c#0(BLAST Consumer)0
0xb4000079de477850 |      unknown | 1800 (   0) x 2880 |      1 |        1 | 0x     b00 | VRI[MainActivity]@4f3dc3c#0(BLAST Consumer)0
0xb4000079de477e90 |      unknown | 1800 (   0) x 2880 |      1 |        1 | 0x     b00 | VRI[MainActivity]@4f3dc3c#0(BLAST Consumer)0
0xb4000079de478e30 |      unknown | 1800 (   0) x 2880 |      1 |        1 | 0x     b00 | VRI[MainActivity]@4f3dc3c#0(BLAST Consumer)0
Total allocated by GraphicBufferAllocator (estimate): 0.00 KB
Imported gralloc buffers:
+ name:VRI[MainActivity]@4f3dc3c#0(BLAST Consumer)0, id:20569663532559279, size:20616.50KiB, w/h:1800x2880, usage: 0xb00, req fmt:1, fourcc/mod:875708993/0, dataspace: 0x8810000, compressed: false
+ name:VRI[MainActivity]@4f3dc3c#0(BLAST Consumer)0, id:20569663532559280, size:20616.50KiB, w/h:1800x2880, usage: 0xb00, req fmt:1, fourcc/mod:875708993/0, dataspace: 0x8810000, compressed: false
+ name:VRI[MainActivity]@4f3dc3c#0(BLAST Consumer)0, id:20569663532559278, size:20616.50KiB, w/h:1800x2880, usage: 0xb00, req fmt:1, fourcc/mod:875708993/0, dataspace: 0x8810000, compressed: false
+ name:VRI[MainActivity]@4f3dc3c#0(BLAST Consumer)0, id:20569663532559277, size:20616.50KiB, w/h:1800x2880, usage: 0xb00, req fmt:1, fourcc/mod:875708993/0, dataspace: 0x8810000, compressed: false
Total imported by gralloc: 82466.00KiB

Profile data in ms:

	dev.intervaltablet.benchmark/dev.intervaltablet.MainActivity/android.view.ViewRootImpl@431a814 (visibility=0)
Window: dev.intervaltablet.benchmark/dev.intervaltablet.MainActivity
Stats since: 991788862399256ns
Total frames rendered: 474
Janky frames: 474 (100.00%)
Janky frames (legacy): 307 (64.77%)
50th percentile: 18ms
90th percentile: 22ms
95th percentile: 23ms
99th percentile: 26ms
Number Missed Vsync: 0
Number High input latency: 0
Number Slow UI thread: 278
Number Slow bitmap uploads: 0
Number Slow issue draw commands: 386
Number Frame deadline missed: 474
Number Frame deadline missed (legacy): 307
HISTOGRAM: 5ms=0 6ms=0 7ms=0 8ms=0 9ms=0 10ms=0 11ms=0 12ms=8 13ms=33 14ms=144 15ms=42 16ms=6 17ms=2 18ms=7 19ms=25 20ms=34 21ms=76 22ms=66 23ms=22 24ms=2 25ms=2 26ms=2 27ms=3 28ms=0 29ms=0 30ms=0 31ms=0 32ms=0 34ms=0 36ms=0 38ms=0 40ms=0 42ms=0 44ms=0 46ms=0 48ms=0 53ms=0 57ms=0 61ms=0 65ms=0 69ms=0 73ms=0 77ms=0 81ms=0 85ms=0 89ms=0 93ms=0 97ms=0 101ms=0 105ms=0 109ms=0 113ms=0 117ms=0 121ms=0 125ms=0 129ms=0 133ms=0 150ms=0 200ms=0 250ms=0 300ms=0 350ms=0 400ms=0 450ms=0 500ms=0 550ms=0 600ms=0 650ms=0 700ms=0 750ms=0 800ms=0 850ms=0 900ms=0 950ms=0 1000ms=0 1050ms=0 1100ms=0 1150ms=0 1200ms=0 1250ms=0 1300ms=0 1350ms=0 1400ms=0 1450ms=0 1500ms=0 1550ms=0 1600ms=0 1650ms=0 1700ms=0 1750ms=0 1800ms=0 1850ms=0 1900ms=0 1950ms=0 2000ms=0 2050ms=0 2100ms=0 2150ms=0 2200ms=0 2250ms=0 2300ms=0 2350ms=0 2400ms=0 2450ms=0 2500ms=0 2550ms=0 2600ms=0 2650ms=0 2700ms=0 2750ms=0 2800ms=0 2850ms=0 2900ms=0 2950ms=0 3000ms=0 3050ms=0 3100ms=0 3150ms=0 3200ms=0 3250ms=0 3300ms=0 3350ms=0 3400ms=0 3450ms=0 3500ms=0 3550ms=0 3600ms=0 3650ms=0 3700ms=0 3750ms=0 3800ms=0 3850ms=0 3900ms=0 3950ms=0 4000ms=0 4050ms=0 4100ms=0 4150ms=0 4200ms=0 4250ms=0 4300ms=0 4350ms=0 4400ms=0 4450ms=0 4500ms=0 4550ms=0 4600ms=0 4650ms=0 4700ms=0 4750ms=0 4800ms=0 4850ms=0 4900ms=0 4950ms=0
50th gpu percentile: 6ms
90th gpu percentile: 7ms
95th gpu percentile: 7ms
99th gpu percentile: 7ms
GPU HISTOGRAM: 1ms=0 2ms=0 3ms=0 4ms=0 5ms=6 6ms=394 7ms=74 8ms=0 9ms=0 10ms=0 11ms=0 12ms=0 13ms=0 14ms=0 15ms=0 16ms=0 17ms=0 18ms=0 19ms=0 20ms=0 21ms=0 22ms=0 23ms=0 24ms=0 25ms=0 4950ms=0



---PROFILEDATA---
Flags,FrameTimelineVsyncId,IntendedVsync,Vsync,InputEventId,HandleInputStart,AnimationStart,PerformTraversalsStart,DrawStart,FrameDeadline,FrameStartTime,FrameInterval,WorkloadTarget,SyncQueued,SyncStart,IssueDrawCommandsStart,SwapBuffers,FrameCompleted,DequeueBufferDuration,QueueBufferDuration,GpuCompleted,SwapBuffersCompleted,DisplayPresentTime,CommandSubmissionCompleted,
0,15127818,991811400630243,991811400630243,0,991811401507889,991811401508826,991811402848631,991811402968435,991811411741354,991811401501990,11111111,11111111,991811405597185,991811405863631,991811406096209,991811409585037,991811415124412,28086,1524296,991811415124412,991811411306209,991811422577342,991811409585037,
0,15127833,991811433963576,991811433963576,0,991811435310115,991811435311131,991811438286131,991811438408045,991811445074687,991811435303826,11111111,11111111,991811445787420,991811445893904,991811446040232,991811449218201,991811455103865,23906,1115312,991811455103865,991811450500350,991811466949373,991811449218201,
0,15127848,991811522694345,991811522694345,0,991811523615389,991811523616795,991811525083826,991811525201170,991811533805456,991811523608787,11111111,11111111,991811527703670,991811528326170,991811528576404,991811532678709,991811538077303,28789,759570,991811538077303,991811533634373,991811544645467,991811532678709,
0,15127863,991811556027678,991811556027678,0,991811556972342,991811556973592,991811559773279,991811559893240,991811567138789,991811556966443,11111111,11111111,991811568822107,991811568931482,991811569112967,991811572187889,991811577828475,22148,1108750,991811577828475,991811573449646,991811588997771,991811572187889,
0,15127878,991811655910673,991811655910673,0,991811657593514,991811657594412,991811658971990,991811659087732,991811667021784,991811657586482,11111111,11111111,991811661654646,991811661928045,991811662155232,991811665549646,991811671125193,27187,2042461,991811671125193,991811667781560,991811677989412,991811665549646,
0,15127893,991811678132895,991811678132895,0,991811680544295,991811680545857,991811683250467,991811683380271,991811689244006,991811680537381,11111111,11111111,991811691164685,991811691343826,991811691592459,991811693735779,991811699838084,31172,755664,991811699838084,991811694640662,991811711173084,991811693735779,
0,15127908,991811777978798,991811777978798,0,991811779220701,991811779221717,991811780691170,991811780808748,991811789089909,991811779213982,11111111,11111111,991811783174568,991811783811014,991811784148201,991811787402732,991811792789451,28555,1878477,991811792789451,991811789487654,991811800331795,991811787402732,
0,15127923,991811811312131,991811811312131,0,991811812284490,991811812285857,991811815045154,991811815165232,991811822423242,991811812277615,11111111,11111111,991811824913357,991811825074920,991811825256482,991811827105935,991811833148904,19336,1150352,991811833148904,991811828438006,991811845062459,991811827105935,
0,15127938,991811911322743,991811911322743,0,991811912314529,991811912315584,991811913675896,991811913788435,991811922433854,991811912308201,11111111,11111111,991811916349959,991811916614412,991811916850076,991811920259373,991811925914646,27773,1921602,991811925914646,991811922383514,991811933166014,991811920259373,
0,15127953,991811933544965,991811933544965,0,991811934213826,991811934214920,991811937094373,991811937218396,991811944656076,991811934207107,11111111,11111111,991811945935584,991811946089334,991811946309764,991811949866795,991811955549685,23829,1346757,991811955549685,991811951414060,991811966471131,991811949866795,
0,15127968,991812033665126,991812033665126,0,991812034470037,991812034471521,991812035836521,991812035955271,991812044776237,991812034463318,11111111,11111111,991812038508006,991812038888982,991812039113318,991812042563982,991812047948162,30235,1683906,991812047948162,991812044461521,991812055234334,991812042563982,
0,15127983,991812066998459,991812066998459,0,991812068124060,991812068125350,991812070899217,991812071022537,991812078109570,991812067999178,11111111,11111111,991812079896521,991812080099998,991812080391873,991812084202928,991812090155271,28282,705938,991812090155271,991812085099021,991812099760310,991812084202928,
0,15127998,991812166499345,991812166499345,0,991812168190662,991812168192381,991812169598553,991812169707225,991812177610456,991812168183045,11111111,11111111,991812172252928,991812172883084,991812173121639,991812176494764,991812182183162,26289,1805781,991812182183162,991812178782928,991812199934334,991812176494764,
0,15128013,991812188721567,991812188721567,0,991812190544451,991812190545623,991812197496600,991812197638904,991812199832678,991812190537810,11111111,11111111,991812207164256,991812207781834,991812208302771,991812210293943,991812216355389,28906,454961,991812216355389,991812210902693,991812232861834,991812210293943,
0,15128028,991812288567665,991812288567665,0,991812290671912,991812290673006,991812292581365,991812292703826,991812299678776,991812290665115,11111111,11111111,991812295077146,991812295719998,991812295963045,991812299351404,991812304977576,28125,2145312,991812304977576,991812301704373,991812322095389,991812299351404,
0,15128043,991812321900998,991812321900998,0,991812323155389,991812323156912,991812326169998,991812326294100,991812333012109,991812323149412,11111111,11111111,991812334214568,991812334329764,991812334464217,991812335931053,991812342132225,13633,494726,991812342132225,991812336564607,991812354936600,991812335931053,
0,15128058,991812411045443,991812411045443,0,991812411919764,991812411920740,991812413397068,991812413513826,991812422156554,991812411912771,11111111,11111111,991812415933982,991812416204100,991812416441053,991812420711717,991812426100115,27578,847344,991812426100115,991812421754451,991812432665232,991812420711717,
0,15128073,991812444378776,991812444378776,0,991812445334881,991812445335701,991812448138748,991812448264803,991812455489887,991812445329060,11111111,11111111,991812456545896,991812456990193,991812457291131,991812461410545,991812467442068,28907,653828,991812467442068,991812462255662,991812477273279,991812461410545,
0,15128088,991812543972942,991812543972942,0,991812544849959,991812544850857,991812546208943,991812546324021,991812555084053,991812544843123,11111111,11111111,991812548770701,991812549057850,991812549283396,991812552704685,991812558060506,27891,1603985,991812558060506,991812554515896,991812566152068,991812552704685,
0,15128103,991812577650942,991812577650942,0,991812578618162,991812578619373,991812581762928,991812581884060,991812588762053,991812578611639,11111111,11111111,991812590037615,991812590200389,991812590432810,991812593999764,991812599884178,26328,1291406,991812599884178,991812595466092,991812610566990,991812593999764,
0,15128118,991812665998563,991812665998563,0,991812666868123,991812666869217,991812668298709,991812668419803,991812677109674,991812666861560,11111111,11111111,991812670788670,991812671066678,991812671298826,991812674871639,991812680236600,28750,2170078,991812680236600,991812677395271,991812687822146,991812674871639,
0,15128133,991812699331896,991812699331896,0,991812700303435,991812700304725,991812703057537,991812703174100,991812710443007,991812700297264,11111111,11111111,991812712784295,991812712883670,991812713057889,991812715982967,991812721973162,21211,1132617,991812721973162,991812717369725,991812732364803,991812715982967,
0,15128148,991812799485399,991812799485399,0,991812800385271,991812800386600,991812801756678,991812801873631,991812810596510,991812800378826,11111111,11111111,991812804388904,991812804669646,991812804906678,991812808371521,991812813908318,30039,1580430,991812813908318,991812810147771,991812821143904,991812808371521,
0,15128163,991812821707621,991812821707621,0,991812822713318,991812822714295,991812825751092,991812825880389,991812832818732,991812822706639,11111111,11111111,991812833472068,991812833576873,991812833700428,991812835109803,991812841110193,12929,726250,991812841110193,991812835998162,991812854383982,991812835109803,
0,15128178,991812921155477,991812921155477,0,991812922514568,991812922515662,991812923834334,991812923950350,991812932266588,991812922507420,11111111,11111111,991812926431873,991812926806092,991812927040076,991812930461365,991812935851756,27812,1760156,991812935851756,991812932513396,991812943170896,991812930461365,
0,15128193,991812954488810,991812954488810,0,991812955854060,991812955855232,991812958750154,991812958875193,991812965599921,991812955849529,11111111,11111111,991812967500467,991812967686912,991812967876326,991812969789842,991812975723045,21015,455196,991812975723045,991812970415584,991812988005350,991812969789842,
0,15128208,991813054477235,991813054477235,0,991813055758748,991813055760076,991813057731756,991813057845818,991813065588346,991813055752498,11111111,11111111,991813060379607,991813060645232,991813060876131,991813064264646,991813069854490,26875,2022539,991813069854490,991813066500037,991813076512732,991813064264646,
0,15128223,991813076699457,991813076699457,0,991813078297107,991813078298084,991813081185350,991813081303279,991813087810568,991813078291209,11111111,11111111,991813089457810,991813089576365,991813089709881,991813091187537,991813097244217,14610,307890,991813097244217,991813091572381,991813110095740,991813091187537,
0,15128238,991813176504227,991813176504227,0,991813178612693,991813178613943,991813180159764,991813180278826,991813187615338,991813178605779,11111111,11111111,991813182648982,991813182923592,991813183164764,991813186619217,991813192011053,27852,1811797,991813192011053,991813188633357,991813209704060,991813186619217,
0,15128253,991813209837560,991813209837560,0,991813210777810,991813210778904,991813213723279,991813213841404,991813220948671,991813210771482,11111111,11111111,991813222172576,991813222599959,991813222814764,991813226365701,991813232458748,20937,653437,991813232458748,991813227209021,991813242859295,991813226365701,
0,15128268,991813298734952,991813298734952,0,991813299618553,991813299620115,991813301449295,991813301559412,991813309846063,991813299612146,11111111,11111111,991813304226365,991813304473318,991813304708709,991813308437420,991813313863514,31016,855508,991813313863514,991813309473865,991813331715350,991813308437420,
0,15128283,991813332068285,991813332068285,0,991813333932029,991813333933475,991813336944725,991813337065076,991813343179396,991813333925037,11111111,11111111,991813344949646,991813345128240,991813345609295,991813352759959,991813358586600,39883,640976,991813358586600,991813353582342,991813365155857,991813352759959,
0,15128298,991813431926280,991813431926280,0,991813433662537,991813433664139,991813435504959,991813435616365,991813443037391,991813433655740,11111111,11111111,991813438123084,991813438780076,991813439023514,991813442475232,991813448001482,27227,2246211,991813448001482,991813444914178,991813464867459,991813442475232,
0,15128313,991813465259613,991813465259613,0,991813466497185,991813466498396,991813469404607,991813469531170,991813476370724,991813466491287,11111111,11111111,991813478203787,991813478396053,991813478602303,991813481255506,991813487171600,20508,1157265,991813487171600,991813482581248,991813498529100,991813481255506,
0,15128328,991813553937570,991813553937570,0,991813554911404,991813554912381,991813556417576,991813556540935,991813565048681,991813554904529,11111111,11111111,991813559043006,991813559695467,991813559941443,991813564307576,991813569800623,27617,1436289,991813569800623,991813565950310,991813586972850,991813564307576,
0,15128343,991813587270903,991813587270903,0,991813588401873,991813588403240,991813591231170,991813591351990,991813598382014,991813588396170,11111111,11111111,991813600454060,991813600841209,991813601035115,991813602936795,991813608922068,20390,1228789,991813608922068,991813604348045,991813620735350,991813602936795,
0,15128358,991813687089679,991813687089679,0,991813687964373,991813687965545,991813689510584,991813689629607,991813698200790,991813687956990,11111111,11111111,991813691983162,991813692378865,991813692607693,991813695842850,991813701763045,29921,1790234,991813701763045,991813697834139,991813709064334,991813695842850,
0,15128373,991813720423012,991813720423012,0,991813721340857,991813721342381,991813724122264,991813724250584,991813731534123,991813721334959,11111111,11111111,991813733131131,991813733246404,991813733379607,991813736143631,991813741900545,13828,549843,991813741900545,991813736900115,991813753360818,991813736143631,
0,15128388,991813809195070,991813809195070,0,991813810101521,991813810103201,991813811459842,991813811575701,991813820306181,991813810094685,11111111,11111111,991813814129295,991813814768240,991813815014568,991813819338318,991813824720935,28867,1465039,991813824720935,991813821002732,991813842629412,991813819338318,
0,15128403,991813842528403,991813842528403,0,991813843870350,991813843871951,991813846802029,991813846928553,991813853639514,991813843864490,11111111,11111111,991813856943279,991813857277459,991813857509256,991813860664021,991813866616873,20078,1141953,991813866616873,991813861970857,991813875991053,991813860664021,
0,15128418,991813942397665,991813942397665,0,991813943245389,991813943246912,991813944817185,991813944931443,991813953508776,991813943238787,11111111,11111111,991813947437850,991813948167771,991813948393084,991813951702381,991813957178084,30703,895586,991813957178084,991813954377225,991813975549803,991813951702381,
0,15128433,991813964619887,991813964619887,0,991813966098123,991813966099451,991813969741756,991813969874490,991813975730998,991813966094685,11111111,11111111,991813977704725,991813977814451,991813977973709,991813981023748,991813987066600,21250,502617,991813987066600,991813981669646,991813998049685,991813981023748,
0,15128448,991814064851632,991814064851632,0,991814065666014,991814065666912,991814067127928,991814067239998,991814075962743,991814065659842,11111111,11111111,991814069798006,991814070063318,991814070302810,991814073738357,991814079597225,28789,1490937,991814079597225,991814075432732,991814086436365,991814073738357,
0,15128463,991814098184965,991814098184965,0,991814099531482,991814099532537,991814102455857,991814102578318,991814109296076,991814099525037,11111111,11111111,991814110628514,991814110827498,991814111091170,991814113373240,991814119375740,28398,780938,991814119375740,991814114306990,991814130830740,991814113373240,
0,15128478,991814186660912,991814186660912,0,991814187393748,991814187395115,991814189273396,991814189396951,991814197772023,991814187386521,11111111,11111111,991814191872654,991814192157303,991814192379334,991814196201639,991814201819607,26250,826445,991814201819607,991814197221443,991814208664060,991814196201639,
0,15128493,991814219994245,991814219994245,0,991814220874256,991814220875076,991814222830584,991814222949803,991814231105356,991814220868748,11111111,11111111,991814227832381,991814228216443,991814228379920,991814229973709,991814236131521,16680,728320,991814236131521,991814230803865,991814241758475,991814229973709,
0,15128508,991814319769696,991814319769696,0,991814321059607,991814321060740,991814322416092,991814322536873,991814330880807,991814321052654,11111111,11111111,991814325260506,991814325513592,991814325738709,991814329172615,991814334591600,28359,1499688,991814334591600,991814330879920,991814342071990,991814329172615,
0,15128523,991814353103029,991814353103029,0,991814354057342,991814354058865,991814357541795,991814357671287,991814364214140,991814354051131,11111111,11111111,991814366022889,991814366227771,991814366449021,991814369830896,991814375531092,20937,784726,991814375531092,991814370805271,991814386504060,991814369830896,
0,15128538,991814441997391,991814441997391,0,991814442891990,991814442893006,991814444402225,991814444522459,991814453108502,991814442884842,11111111,11111111,991814446916170,991814447553240,991814447792185,991814451171600,991814456670154,26094,773711,991814456670154,991814452264646,991814463875115,991814451171600,
0,15128553,991814475330724,991814475330724,0,991814476334803,991814476336521,991814479062185,991814479182810,991814486441835,991814476328670,11111111,11111111,991814488612420,991814488798084,991814488991834,991814490868123,991814496768318,19141,1300508,991814496768318,991814492356248,991814508341326,991814490868123,
0,15128568,991814575405321,991814575405321,0,991814576416600,991814576417889,991814577813396,991814577934646,991814586516432,991814576410193,11111111,11111111,991814580532693,991814580813357,991814581051248,991814584418514,991814590014451,29649,1519141,991814590014451,991814586138084,991814596967576,991814584418514,
0,15128583,991814608738654,991814608738654,0,991814609599060,991814609600389,991814612490115,991814612608592,991814619849765,991814609593084,11111111,11111111,991814620962068,991814621071404,991814621199295,991814622648787,991814628487537,14023,333594,991814628487537,991814623053943,991814641355115,991814622648787,
0,15128598,991814697208446,991814697208446,0,991814698592810,991814698593865,991814699889568,991814700159217,991814708319557,991814698586248,11111111,11111111,991814702449178,991814702718631,991814702961795,991814707143631,991814712572771,27734,773203,991814712572771,991814708257303,991814730537615,991814707143631,
0,15128613,991814730541779,991814730541779,0,991814731888826,991814731889725,991814734818670,991814734943865,991814741652890,991814731882459,11111111,11111111,991814743991756,991814744656951,991814744845350,991814747882068,991814754255506,17539,1578359,991814754255506,991814749667225,991814763594842,991814747882068,
0,15128628,991814830300907,991814830300907,0,991814831292810,991814831293943,991814832489568,991814832568318,991814841412018,991814831287771,11111111,11111111,991814834540584,991814834739256,991814834916521,991814838107967,991814843368670,22148,1645703,991814843368670,991814839952342,991814852259412,991814838107967,
0,15128643,991814852523129,991814852523129,0,991814854049920,991814854050857,991814856969256,991814857087771,991814863634240,991814854043553,11111111,11111111,991814865824764,991814866023084,991814866294529,991814869958045,991814875773670,28282,1370000,991814875773670,991814871517029,991814885548787,991814869958045,
0,15128658,991814952759835,991814952759835,0,991814953578006,991814953579451,991814954956053,991814955076404,991814963870946,991814953571560,11111111,11111111,991814957958787,991814958239646,991814958478514,991814961937615,991814967727029,29102,1537188,991814967727029,991814963681053,991814974359725,991814961937615,
0,15128673,991814986093168,991814986093168,0,991814987096951,991814987098670,991814989991482,991814990142537,991814997204279,991814987090271,11111111,11111111,991814998371600,991814998583201,991814998868748,991815002373201,991815008171209,31016,595430,991815008171209,991815003151365,991815019157928,991815002373201,
0,15128688,991815085592743,991815085592743,0,991815086866209,991815086868084,991815088422537,991815088548006,991815096703854,991815086859256,11111111,11111111,991815090914685,991815091554725,991815091794920,991815095189607,991815100590584,28632,1943203,991815100590584,991815097347146,991815107695857,991815095189607,
0,15128703,991815107814965,991815107814965,0,991815108737185,991815108738357,991815111858084,991815111977381,991815118926076,991815108730701,11111111,11111111,991815117656990,991815118040389,991815118206795,991815120402889,991815126213396,17383,347656,991815126213396,991815120866600,991815140833592,991815120402889,
0,15128718,991815207693056,991815207693056,0,991815209022615,991815209023670,991815210406639,991815210528826,991815218804167,991815209015545,11111111,11111111,991815213013787,991815213290779,991815213517576,991815217005545,991815222407576,28516,1606758,991815222407576,991815218947381,991815230222264,991815217005545,
0,15128733,991815241026389,991815241026389,0,991815242392185,991815242393201,991815245464920,991815245584100,991815252137500,991815242385545,11111111,11111111,991815253605232,991815253719725,991815253852810,991815255289529,991815261323162,14375,314492,991815261323162,991815255676521,991815274434881,991815255289529,
0,15128748,991815341029188,991815341029188,0,991815342333123,991815342334998,991815343728514,991815343840857,991815352140299,991815342326092,11111111,11111111,991815346388201,991815347029764,991815347273865,991815350678904,991815356062107,27695,1772656,991815356062107,991815352671092,991815362830935,991815350678904,
0,15128763,991815363251410,991815363251410,0,991815364306092,991815364307225,991815366955584,991815367072185,991815374362521,991815364300076,11111111,11111111,991815376954764,991815377056287,991815377223279,991815380320740,991815386030506,22110,1094883,991815386030506,991815381574139,991815396498084,991815380320740,
0,15128778,991815463555595,991815463555595,0,991815464870545,991815464871873,991815466162498,991815466269295,991815474666706,991815464863045,11111111,11111111,991815468799100,991815469079607,991815469304607,991815472653553,991815478070740,27696,1603516,991815478070740,991815474458357,991815484954685,991815472653553,
0,15128793,991815496888928,991815496888928,0,991815498276053,991815498277498,991815501322185,991815501433865,991815508000039,991815498269881,11111111,11111111,991815509636521,991815509755467,991815509927185,991815513043592,991815518964178,22031,1102344,991815518964178,991815514312029,991815529305857,991815513043592,
0,15128808,991815585053155,991815585053155,0,991815585996014,991815585997068,991815587334998,991815587453162,991815596164266,991815585988709,11111111,11111111,991815590010193,991815590276600,991815590504060,991815594269217,991815599682928,26797,1156367,991815599682928,991815595627576,991815607028201,991815594269217,
0,15128823,991815618386488,991815618386488,0,991815619383514,991815619384803,991815622262654,991815622379295,991815629497599,991815619377889,11111111,11111111,991815629386756,991815629499178,991815629803787,991815631688318,991815637967576,22305,373125,991815637967576,991815632200662,991815651525389,991815631688318,
0,15128838,991815718288016,991815718288016,0,991815720365779,991815720367146,991815721723709,991815721844021,991815729399127,991815720358435,11111111,11111111,991815724342576,991815724986404,991815725233553,991815728540076,991815733979295,26601,1443437,991815733979295,991815730176443,991815751295935,991815728540076,
0,15128853,991815751621349,991815751621349,0,991815753342771,991815753344685,991815756208279,991815756335896,991815762732460,991815753336248,11111111,11111111,991815765137537,991815765489998,991815765783631,991815767377225,991815773536912,22070,319648,991815773536912,991815767771053,991815784603006,991815767377225,
0,15128868,991815840361532,991815840361532,0,991815841262498,991815841263201,991815842596912,991815842710857,991815851472643,991815841256365,11111111,11111111,991815845294178,991815845557420,991815845865779,991815850082146,991815855542146,30547,843984,991815855542146,991815851129920,991815862295154,991815850082146,
0,15128883,991815873694865,991815873694865,0,991815874637810,991815874639764,991815877678084,991815877805232,991815884805976,991815874630779,11111111,11111111,991815885573318,991815885700076,991815885877381,991815888905037,991815894751092,21133,504023,991815894751092,991815889572185,991815906597498,991815888905037,
0,15128898,991815973518155,991815973518155,0,991815974326326,991815974327810,991815975703279,991815975822537,991815984629266,991815974319529,11111111,11111111,991815978482810,991815978739842,991815978976600,991815982353709,991815987792420,27734,1599726,991815987792420,991815984278826,991815995632303,991815982353709,
0,15128913,991815995740377,991815995740377,0,991815997937420,991815997938514,991816001046912,991816001171326,991816006851488,991815997933084,11111111,11111111,991816009113396,991816009207654,991816009339060,991816010758201,991816016811951,13867,315860,991816016811951,991816011147732,991816028800467,991816010758201,
0,15128928,991816095628485,991816095628485,0,991816097019646,991816097020389,991816098313045,991816098422967,991816106739596,991816097013045,11111111,11111111,991816100940740,991816101374139,991816101603475,991816105022498,991816110409803,28906,1596172,991816110409803,991816106943514,991816118001639,991816105022498,
0,15128943,991816128961818,991816128961818,0,991816130332771,991816130334490,991816133178982,991816133299959,991816140072929,991816130326326,11111111,11111111,991816141596795,991816141710154,991816141869021,991816145008084,991816150932576,21914,1055039,991816150932576,991816146233709,991816162397264,991816145008084,
0,15128958,991816228965634,991816228965634,0,991816230656443,991816230658240,991816232170037,991816232278826,991816240076745,991816230649334,11111111,11111111,991816234647420,991816234920701,991816235149959,991816238655232,991816244035350,28828,2168008,991816244035350,991816241035935,991816250787576,991816238655232,
0,15128973,991816251187856,991816251187856,0,991816252754568,991816252756053,991816255588123,991816255706131,991816262298967,991816252748709,11111111,11111111,991816264861131,991816264993631,991816265175545,991816268254568,991816274261482,23047,1040039,991816274261482,991816269451170,991816284248709,991816268254568,
0,15128988,991816351334970,991816351334970,0,991816352713396,991816352714412,991816354040350,991816354156482,991816362446081,991816352706990,11111111,11111111,991816356727146,991816357005428,991816357239803,991816360596834,991816366467498,29180,1590391,991816366467498,991816362400467,991816372971873,991816360596834,
0,15129003,991816384668303,991816384668303,0,991816385546248,991816385547693,991816388401248,991816388526482,991816395779414,991816385539568,11111111,11111111,991816397275701,991816397463396,991816397713396,991816401368006,991816407253943,25937,675899,991816407253943,991816402236482,991816417295857,991816401368006,
0,15129018,991816484120907,991816484120907,0,991816485104139,991816485105779,991816486505232,991816486626639,991816495232018,991816485098279,11111111,11111111,991816489151717,991816489415779,991816489642185,991816493318631,991816498731873,27461,1626719,991816498731873,991816495155154,991816506116248,991816493318631,
0,15129033,991816506343129,991816506343129,0,991816507333631,991816507334920,991816510280896,991816510404412,991816517454240,991816507327654,11111111,11111111,991816517409178,991816517649139,991816517875896,991816521010193,991816526784100,21211,1067617,991816526784100,991816522239920,991816539425271,991816521010193,
0,15129048,991816606305204,991816606305204,0,991816607121951,991816607122810,991816608594100,991816608709607,991816617416315,991816607115193,11111111,11111111,991816611072303,991816611338865,991816611559060,991816614920896,991816620326404,29219,1691094,991816620326404,991816616826131,991816628250232,991816614920896,
0,15129063,991816639638537,991816639638537,0,991816640704607,991816640706170,991816643558943,991816643679139,991816650749648,991816640698318,11111111,11111111,991816652980037,991816653187810,991816653472342,991816658005037,991816664150310,27734,1387344,991816664150310,991816659588709,991816672594959,991816658005037,
0,15129078,991816728338468,991816728338468,0,991816729281521,991816729282498,991816730636678,991816730783709,991816739449579,991816729274764,11111111,11111111,991816733318123,991816734084529,991816734559412,991816741816170,991816747632146,54454,1177188,991816747632146,991816743314373,991816761357185,991816741816170,
0,15129093,991816761671801,991816761671801,0,991816762947146,991816762947850,991816765868357,991816765980076,991816772782912,991816762940701,11111111,11111111,991816774311365,991816774979100,991816775636717,991816782605662,991816788302264,55820,970507,991816788302264,991816783855076,991816806119412,991816782605662,
0,15129108,991816861583563,991816861583563,0,991816863682615,991816863683787,991816865803162,991816865915584,991816872694674,991816863675818,11111111,11111111,991816868902420,991816869572967,991816870174607,991816877376600,991816882864139,54023,585274,991816882864139,991816878077967,991816894584021,991816877376600,
0,15129123,991816883805785,991816883805785,0,991816886155350,991816886156600,991816889142810,991816889281639,991816894916896,991816886149607,11111111,11111111,991816897441326,991816897805076,991816898098904,991816899739451,991816905669920,19766,822500,991816905669920,991816900721287,991816916784412,991816899739451,
0,15129138,991816983579405,991816983579405,0,991816984885857,991816984887068,991816986195506,991816986311756,991816994690516,991816984879451,11111111,11111111,991816988832068,991816989098553,991816989315584,991816992493357,991816997866560,25430,1477890,991816997866560,991816994178357,991817005607850,991816992493357,
0,15129153,991817016912738,991817016912738,0,991817017721131,991817017722889,991817020555701,991817020670310,991817028023849,991817017714803,11111111,11111111,991817029295115,991817029416365,991817029551365,991817030984568,991817037081170,14140,354180,991817037081170,991817031415857,991817050325389,991817030984568,
0,15129168,991817117230520,991817117230520,0,991817118059568,991817118060428,991817119411873,991817119523201,991817128341631,991817118052537,11111111,11111111,991817122064881,991817122333943,991817122560428,991817125891756,991817131300154,26602,1521640,991817131300154,991817127630857,991817138733162,991817125891756,
0,15129183,991817139028463,991817139028463,0,991817140865584,991817140866248,991817143514256,991817143628748,991817150139574,991817140859725,11111111,11111111,991817152150271,991817152346365,991817152508748,991817154236521,991817160062146,16641,995859,991817160062146,991817155402420,991817172417068,991817154236521,
0,15129198,991817238941181,991817238941181,0,991817240369412,991817240371014,991817241720584,991817241823514,991817250052292,991817240362381,11111111,11111111,991817244275779,991817244535271,991817244774607,991817248243787,991817253795701,30273,1529102,991817253795701,991817249985975,991817260838709,991817248243787,
0,15129213,991817272274514,991817272274514,0,991817273140467,991817273142107,991817275828514,991817275953904,991817283385625,991817273134256,11111111,11111111,991817285045896,991817285223045,991817285472420,991817289124178,991817295029100,27422,1475547,991817295029100,991817290795350,991817305682928,991817289124178,
0,15129228,991817360955382,991817360955382,0,991817362003670,991817362005076,991817363358123,991817363472732,991817372066493,991817361997420,11111111,11111111,991817365958865,991817366230779,991817366464607,991817369776717,991817375185310,28282,1558984,991817375185310,991817371798748,991817382907146,991817369776717,
0,15129243,991817394288715,991817394288715,0,991817395325193,991817395326248,991817398237850,991817398351053,991817405399826,991817395319060,11111111,11111111,991817405777420,991817405999139,991817406248865,991817409840350,991817415949881,20117,1188946,991817415949881,991817411205779,991817427324803,991817409840350,
0,15129258,991817494172040,991817494172040,0,991817495440467,991817495441404,991817496876873,991817496996834,991817505283151,991817495434021,11111111,11111111,991817499407303,991817499667693,991817499891795,991817503190740,991817508726443,29727,1830742,991817508726443,991817505224295,991817516261912,991817503190740,
0,15129273,991817527505373,991817527505373,0,991817528378592,991817528380037,991817531185818,991817531311170,991817538616484,991817528373045,11111111,11111111,991817539441717,991817539581443,991817539798396,991817541837146,991817548051443,23906,401367,991817548051443,991817542374490,991817560475154,991817541837146,
0,15129288,991817616240477,991817616240477,0,991817617608631,991817617610389,991817618941365,991817619065076,991817627351588,991817617602459,11111111,11111111,991817621725154,991817621990389,991817622215115,991817626707732,991817632085428,26484,1175977,991817632085428,991817628415584,991817649316756,991817626707732,
0,15129303,991817649573810,991817649573810,0,991817650904490,991817650905701,991817654003045,991817654125428,991817660684921,991817650898084,11111111,11111111,991817661808045,991817661924060,991817662095310,991817665231560,991817671130037,21055,528125,991817671130037,991817665911990,991817682595310,991817665231560,
0,15129318,991817749595243,991817749595243,0,991817751621170,991817751622068,991817753190271,991817753309803,991817760706354,991817751613943,11111111,11111111,991817755659568,991817756308084,991817756545271,991817759774568,991817765771795,27383,1671210,991817765771795,991817761639100,991817782538670,991817759774568,
0,15129333,991817771817465,991817771817465,0,991817774166170,991817774167107,991817777615935,991817777752967,991817782928576,991817774160467,11111111,11111111,991817785571756,991817785876951,991817786115975,991817789209881,991817795123943,21328,503047,991817795123943,991817789866482,991817805104725,991817789209881,
0,15129348,991817871538976,991817871538976,0,991817872833592,991817872834529,991817874188318,991817874313084,991817882650087,991817872826326,11111111,11111111,991817877045428,991817877298982,991817877523318,991817881095584,991817886514725,28633,2195820,991817886514725,991817883513865,991817893589803,991817881095584,
0,15129363,991817904872309,991817904872309,0,991817906603514,991817906604529,991817909680545,991817909802185,991817915983420,991817906596717,11111111,11111111,991817917533045,991817917651639,991817917783396,991817919192810,991817925265076,14141,361719,991817925265076,991817919631404,991817938289998,991817919192810,
0,15129378,991818004760890,991818004760890,0,991818006873201,991818006874490,991818008413904,991818008569764,991818015872001,991818006866521,11111111,11111111,991818010989021,991818011269021,991818011506209,991818014939881,991818020310896,28984,1996992,991818020310896,991818017141287,991818037634412,991818014939881,
0,15129393,991818026983112,991818026983112,0,991818028488631,991818028489881,991818032668631,991818032812146,991818038094223,991818028484842,11111111,11111111,991818041128514,991818041397264,991818041532889,991818043078982,991818048923201,14336,654218,991818048923201,991818043895896,991818059868592,991818043078982,
0,15129408,991818126923134,991818126923134,0,991818128273553,991818128274881,991818129642264,991818129756795,991818138034245,991818128266248,11111111,11111111,991818132264256,991818132521404,991818132752537,991818136857225,991818142238631,27305,725469,991818142238631,991818137769373,991818159879607,991818136857225,
0,15129423,991818160256467,991818160256467,0,991818161919334,991818161920389,991818164829256,991818164953201,991818171367578,991818161913592,11111111,11111111,991818173824217,991818174024803,991818174294607,991818177864100,991818183674060,27265,1323828,991818183674060,991818179371482,991818193255779,991818177864100,
0,15129438,991818259856632,991818259856632,0,991818261520740,991818261521990,991818262913787,991818263031170,991818270967743,991818261513748,11111111,11111111,991818265639607,991818265905037,991818266138670,991818269521092,991818275087850,27890,1735078,991818275087850,991818271461600,991818282331404,991818269521092,
0,15129453,991818282078854,991818282078854,0,991818283568826,991818283569959,991818286545076,991818286693709,991818293189965,991818283562342,11111111,11111111,991818295590428,991818295850115,991818296314295,991818298333279,991818304537185,29453,1098828,991818304537185,991818299616404,991818315277967,991818298333279,
0,15129468,991818382101827,991818382101827,0,991818383340115,991818383341873,991818384753357,991818384870935,991818393212938,991818383332771,11111111,11111111,991818387303904,991818387551756,991818387791600,991818391114685,991818396501092,27383,1681289,991818396501092,991818393009998,991818404159490,991818391114685,
0,15129483,991818415435160,991818415435160,0,991818416450545,991818416452459,991818419204607,991818419331365,991818426546271,991818416444256,11111111,11111111,991818428143240,991818428315115,991818428585310,991818432205975,991818437909725,26758,796015,991818437909725,991818433190935,991818448419959,991818432205975,
0,15129498,991818504553624,991818504553624,0,991818505806990,991818505808553,991818507168357,991818507312146,991818515664735,991818505799568,11111111,11111111,991818509805857,991818510458084,991818510716639,991818514872654,991818520437771,28750,719766,991818520437771,991818516612850,991818537238514,991818514872654,
0,15129513,991818537886957,991818537886957,0,991818539328201,991818539329959,991818542239060,991818542358123,991818548998068,991818539321287,11111111,11111111,991818549620701,991818549761912,991818549995818,991818553372420,991818559340740,25507,740664,991818559340740,991818554296795,991818570535115,991818553372420,
0,15129528,991818637492821,991818637492821,0,991818638773631,991818638775623,991818640307029,991818640418826,991818648603932,991818638767459,11111111,11111111,991818642800232,991818643068709,991818643304920,991818647460154,991818652927225,27227,869843,991818652927225,991818648541092,991811034097889,991818647460154,
0,15129543,991818670826154,991818670826154,0,991818671726639,991818671727732,991818674711209,991818674833709,991818681937265,991818671720623,11111111,11111111,991818684450623,991818684846756,991818684983045,991818686465975,991818692299842,14024,818359,991818692299842,991818687431834,991811078487107,991818686465975,
0,15129558,991818759460734,991818759460734,0,991818761280584,991818761281873,991818762626014,991818762752459,991818770571845,991818761273904,11111111,11111111,991818765330310,991818765566678,991818765789646,991818769970271,991818775763045,26368,1314609,991818775763045,991818771495545,991811167296912,991818769970271,
0,15129573,991818792794067,991818792794067,0,991818793820662,991818793822225,991818796741521,991818796863435,991818803905178,991818793813709,11111111,11111111,991818805117381,991818805451678,991818805697889,991818808883435,991818814744803,21758,1171289,991818814744803,991818810213670,991811211723123,991818808883435,
0,15129588,991818892651515,991818892651515,0,991818893515115,991818893516170,991818894973084,991818895094842,991818903762626,991818893508123,11111111,11111111,991818897634685,991818897919256,991818898152693,991818901550623,991818907076404,30859,1544648,991818907076404,991818903300779,991811289361014,991818901550623,
0,15129603,991818914873737,991818914873737,0,991818917137146,991818917138396,991818920317264,991818920451092,991818925984848,991818917132928,11111111,11111111,991818925891834,991818926049451,991818926395389,991818929650935,991818935539529,21484,1271172,991818935539529,991818931094373,991811334182381,991818929650935,
---PROFILEDATA---


View hierarchy:

  dev.intervaltablet.benchmark/dev.intervaltablet.MainActivity/android.view.ViewRootImpl@431a814
  16 views, 25,54 kB of render nodes


Total ViewRootImpl   : 1
Total attached Views : 16
Total RenderNode     : 25,54 kB (used) / 57,69 kB (capacity)

  ProcessConfig={1.0 ?mcc0mnc [fr_FR] ldltr sw900dp w1440dp h900dp 320dpi xlrg compactNeeded hdr widecg land finger -keyb/v/h -nav/h winConfig={ mBounds=Rect(0, 0 - 2880, 1800) mAppBounds=Rect(0, 0 - 2880, 1800) mMaxBounds=Rect(0, 0 - 2880, 1800) mDisplayRotation=ROTATION_90 mWindowingMode=fullscreen mActivityType=undefined mAlwaysOnTop=undefined mRotation=ROTATION_90 mStageConfig=undefined mEmbedActivityMode=undefined mPopOver=off mOverlappingWithCutout=false} s.2648 fontWeightAdjustment=0 ff=0 bf=-1 bts=0 cst=1.0 nightDim=-1 themeSeq=0}
  Application ResourcesConfig={1.0 ?mcc0mnc [fr_FR] ldltr sw900dp w1440dp h900dp 320dpi xlrg compactNeeded hdr widecg land finger -keyb/v/h -nav/h winConfig={ mBounds=Rect(0, 0 - 2880, 1800) mAppBounds=Rect(0, 0 - 2880, 1800) mMaxBounds=Rect(0, 0 - 2880, 1800) mDisplayRotation=ROTATION_90 mWindowingMode=fullscreen mActivityType=undefined mAlwaysOnTop=undefined mRotation=ROTATION_90 mStageConfig=undefined mEmbedActivityMode=undefined mPopOver=off mOverlappingWithCutout=false} s.2648 fontWeightAdjustment=0 ff=0 bf=-1 bts=0 cst=1.0 nightDim=-1 themeSeq=0}
