Applications Graphics Acceleration Info:
Uptime: 991757335 Realtime: 1021435205

** Graphics info for pid 18708 [dev.intervaltablet.benchmark] **

Stats since: 991727095473904ns
Total frames rendered: 476
Janky frames: 472 (99.16%)
Janky frames (legacy): 324 (68.07%)
50th percentile: 16ms
90th percentile: 22ms
95th percentile: 23ms
99th percentile: 24ms
Number Missed Vsync: 0
Number High input latency: 0
Number Slow UI thread: 312
Number Slow bitmap uploads: 0
Number Slow issue draw commands: 385
Number Frame deadline missed: 472
Number Frame deadline missed (legacy): 324
HISTOGRAM: 5ms=0 6ms=0 7ms=0 8ms=1 9ms=2 10ms=1 11ms=2 12ms=7 13ms=9 14ms=73 15ms=105 16ms=40 17ms=2 18ms=10 19ms=22 20ms=34 21ms=70 22ms=60 23ms=31 24ms=4 25ms=0 26ms=2 27ms=1 28ms=0 29ms=0 30ms=0 31ms=0 32ms=0 34ms=0 36ms=0 38ms=0 40ms=0 42ms=0 44ms=0 46ms=0 48ms=0 53ms=0 57ms=0 61ms=0 65ms=0 69ms=0 73ms=0 77ms=0 81ms=0 85ms=0 89ms=0 93ms=0 97ms=0 101ms=0 105ms=0 109ms=0 113ms=0 117ms=0 121ms=0 125ms=0 129ms=0 133ms=0 150ms=0 200ms=0 250ms=0 300ms=0 350ms=0 400ms=0 450ms=0 500ms=0 550ms=0 600ms=0 650ms=0 700ms=0 750ms=0 800ms=0 850ms=0 900ms=0 950ms=0 1000ms=0 1050ms=0 1100ms=0 1150ms=0 1200ms=0 1250ms=0 1300ms=0 1350ms=0 1400ms=0 1450ms=0 1500ms=0 1550ms=0 1600ms=0 1650ms=0 1700ms=0 1750ms=0 1800ms=0 1850ms=0 1900ms=0 1950ms=0 2000ms=0 2050ms=0 2100ms=0 2150ms=0 2200ms=0 2250ms=0 2300ms=0 2350ms=0 2400ms=0 2450ms=0 2500ms=0 2550ms=0 2600ms=0 2650ms=0 2700ms=0 2750ms=0 2800ms=0 2850ms=0 2900ms=0 2950ms=0 3000ms=0 3050ms=0 3100ms=0 3150ms=0 3200ms=0 3250ms=0 3300ms=0 3350ms=0 3400ms=0 3450ms=0 3500ms=0 3550ms=0 3600ms=0 3650ms=0 3700ms=0 3750ms=0 3800ms=0 3850ms=0 3900ms=0 3950ms=0 4000ms=0 4050ms=0 4100ms=0 4150ms=0 4200ms=0 4250ms=0 4300ms=0 4350ms=0 4400ms=0 4450ms=0 4500ms=0 4550ms=0 4600ms=0 4650ms=0 4700ms=0 4750ms=0 4800ms=0 4850ms=0 4900ms=0 4950ms=0
50th gpu percentile: 6ms
90th gpu percentile: 7ms
95th gpu percentile: 7ms
99th gpu percentile: 7ms
GPU HISTOGRAM: 1ms=0 2ms=0 3ms=0 4ms=0 5ms=1 6ms=273 7ms=200 8ms=2 9ms=0 10ms=0 11ms=0 12ms=0 13ms=0 14ms=0 15ms=0 16ms=0 17ms=0 18ms=0 19ms=0 20ms=0 21ms=0 22ms=0 23ms=0 24ms=0 25ms=0 4950ms=0

Pipeline=Skia (Vulkan)
Memory policy:
  Max surface area: 5184000
  Max resource usage: 248.83MB (x48)
  Background retention: 50% (altUiHidden = true)
  GPU Context timeout: 10
Contexts: 1 (stopped = 0)
CPU Caches:
  Glyph Cache: 148.50 KB (1 entry)
  Glyph Count: 45 
Total CPU memory usage:
  152067 bytes, 148.50 KB (0.00 bytes is purgeable)
GPU Caches:
  Other:
    TextBlobCache: 57.34 KB (1 entry)
  Image:
    Texture: 64.00 bytes (1 entry)
  Scratch:
    Texture: 2.00 MB (1 entry)
    Buffer Object: 334.38 KB (12 entries)
    Attachment: 0.00 bytes (2 entries)
Total GPU memory usage:
  2498328 bytes, 2.38 MB (128.19 KB is purgeable)

GraphicBufferAllocator buffers:
            Handle |         Size |     W (Stride) x H | Layers |   Format |      Usage | Requestor
0xb4000079de472710 |      unknown | 1800 (   0) x 2880 |      1 |        1 | 0x     b00 | VRI[MainActivity]@4f3dc3c#0(BLAST Consumer)0
0xb4000079de477850 |      unknown | 1800 (   0) x 2880 |      1 |        1 | 0x     b00 | VRI[MainActivity]@4f3dc3c#0(BLAST Consumer)0
0xb4000079de477e90 |      unknown | 1800 (   0) x 2880 |      1 |        1 | 0x     b00 | VRI[MainActivity]@4f3dc3c#0(BLAST Consumer)0
0xb4000079de478e30 |      unknown | 1800 (   0) x 2880 |      1 |        1 | 0x     b00 | VRI[MainActivity]@4f3dc3c#0(BLAST Consumer)0
Total allocated by GraphicBufferAllocator (estimate): 0.00 KB
Imported gralloc buffers:
+ name:VRI[MainActivity]@4f3dc3c#0(BLAST Consumer)0, id:20569663532559279, size:20616.50KiB, w/h:1800x2880, usage: 0xb00, req fmt:1, fourcc/mod:875708993/0, dataspace: 0x8810000, compressed: false
+ name:VRI[MainActivity]@4f3dc3c#0(BLAST Consumer)0, id:20569663532559280, size:20616.50KiB, w/h:1800x2880, usage: 0xb00, req fmt:1, fourcc/mod:875708993/0, dataspace: 0x8810000, compressed: false
+ name:VRI[MainActivity]@4f3dc3c#0(BLAST Consumer)0, id:20569663532559278, size:20616.50KiB, w/h:1800x2880, usage: 0xb00, req fmt:1, fourcc/mod:875708993/0, dataspace: 0x8810000, compressed: false
+ name:VRI[MainActivity]@4f3dc3c#0(BLAST Consumer)0, id:20569663532559277, size:20616.50KiB, w/h:1800x2880, usage: 0xb00, req fmt:1, fourcc/mod:875708993/0, dataspace: 0x8810000, compressed: false
Total imported by gralloc: 82466.00KiB

Profile data in ms:

	dev.intervaltablet.benchmark/dev.intervaltablet.MainActivity/android.view.ViewRootImpl@431a814 (visibility=0)
Window: dev.intervaltablet.benchmark/dev.intervaltablet.MainActivity
Stats since: 991727095473709ns
Total frames rendered: 476
Janky frames: 472 (99.16%)
Janky frames (legacy): 324 (68.07%)
50th percentile: 16ms
90th percentile: 22ms
95th percentile: 23ms
99th percentile: 24ms
Number Missed Vsync: 0
Number High input latency: 0
Number Slow UI thread: 312
Number Slow bitmap uploads: 0
Number Slow issue draw commands: 385
Number Frame deadline missed: 472
Number Frame deadline missed (legacy): 324
HISTOGRAM: 5ms=0 6ms=0 7ms=0 8ms=1 9ms=2 10ms=1 11ms=2 12ms=7 13ms=9 14ms=73 15ms=105 16ms=40 17ms=2 18ms=10 19ms=22 20ms=34 21ms=70 22ms=60 23ms=31 24ms=4 25ms=0 26ms=2 27ms=1 28ms=0 29ms=0 30ms=0 31ms=0 32ms=0 34ms=0 36ms=0 38ms=0 40ms=0 42ms=0 44ms=0 46ms=0 48ms=0 53ms=0 57ms=0 61ms=0 65ms=0 69ms=0 73ms=0 77ms=0 81ms=0 85ms=0 89ms=0 93ms=0 97ms=0 101ms=0 105ms=0 109ms=0 113ms=0 117ms=0 121ms=0 125ms=0 129ms=0 133ms=0 150ms=0 200ms=0 250ms=0 300ms=0 350ms=0 400ms=0 450ms=0 500ms=0 550ms=0 600ms=0 650ms=0 700ms=0 750ms=0 800ms=0 850ms=0 900ms=0 950ms=0 1000ms=0 1050ms=0 1100ms=0 1150ms=0 1200ms=0 1250ms=0 1300ms=0 1350ms=0 1400ms=0 1450ms=0 1500ms=0 1550ms=0 1600ms=0 1650ms=0 1700ms=0 1750ms=0 1800ms=0 1850ms=0 1900ms=0 1950ms=0 2000ms=0 2050ms=0 2100ms=0 2150ms=0 2200ms=0 2250ms=0 2300ms=0 2350ms=0 2400ms=0 2450ms=0 2500ms=0 2550ms=0 2600ms=0 2650ms=0 2700ms=0 2750ms=0 2800ms=0 2850ms=0 2900ms=0 2950ms=0 3000ms=0 3050ms=0 3100ms=0 3150ms=0 3200ms=0 3250ms=0 3300ms=0 3350ms=0 3400ms=0 3450ms=0 3500ms=0 3550ms=0 3600ms=0 3650ms=0 3700ms=0 3750ms=0 3800ms=0 3850ms=0 3900ms=0 3950ms=0 4000ms=0 4050ms=0 4100ms=0 4150ms=0 4200ms=0 4250ms=0 4300ms=0 4350ms=0 4400ms=0 4450ms=0 4500ms=0 4550ms=0 4600ms=0 4650ms=0 4700ms=0 4750ms=0 4800ms=0 4850ms=0 4900ms=0 4950ms=0
50th gpu percentile: 6ms
90th gpu percentile: 7ms
95th gpu percentile: 7ms
99th gpu percentile: 7ms
GPU HISTOGRAM: 1ms=0 2ms=0 3ms=0 4ms=0 5ms=1 6ms=273 7ms=200 8ms=2 9ms=0 10ms=0 11ms=0 12ms=0 13ms=0 14ms=0 15ms=0 16ms=0 17ms=0 18ms=0 19ms=0 20ms=0 21ms=0 22ms=0 23ms=0 24ms=0 25ms=0 4950ms=0



---PROFILEDATA---
Flags,FrameTimelineVsyncId,IntendedVsync,Vsync,InputEventId,HandleInputStart,AnimationStart,PerformTraversalsStart,DrawStart,FrameDeadline,FrameStartTime,FrameInterval,WorkloadTarget,SyncQueued,SyncStart,IssueDrawCommandsStart,SwapBuffers,FrameCompleted,DequeueBufferDuration,QueueBufferDuration,GpuCompleted,SwapBuffersCompleted,DisplayPresentTime,CommandSubmissionCompleted,
0,15112312,991749810963095,991749810963095,0,991749813029178,991749813030584,991749814402420,991749814507459,991749822074206,991749813022225,11111111,11111111,991749817007810,991749817282107,991749817512498,991749820803826,991749826783514,27578,2203047,991749826783514,991749823199529,991749832740818,991749820803826,
0,15112327,991749833185317,991749833185317,0,991749834688826,991749834689646,991749837635584,991749837765623,991749844296428,991749834682264,11111111,11111111,991749846121131,991749846279803,991749846500896,991749849893787,991749855567303,20586,1208047,991749855567303,991749851266014,991749865757029,991749849893787,
0,15112342,991749933129679,991749933129679,0,991749934358084,991749934359217,991749935709685,991749935809842,991749944240790,991749934351482,11111111,11111111,991749938491170,991749938754646,991749938990467,991749942439959,991749947842459,25820,1740391,991749947842459,991749944462459,991749954575115,991749942439959,
0,15112357,991749966463012,991749966463012,0,991749967820389,991749967821482,991749970664256,991749970782850,991749977574123,991749967814178,11111111,11111111,991749980283123,991749980818553,991749981029920,991749983072185,991749989008006,21524,1385078,991749989008006,991749984643084,991749998784881,991749983072185,
0,15112372,991750066074149,991750066074149,0,991750066930818,991750066932459,991750068532264,991750068641326,991750077185260,991750066924256,11111111,11111111,991750071053201,991750071298904,991750071529490,991750075014646,991750080702459,28203,1603828,991750080702459,991750076816287,991750087771248,991750075014646,
0,15112387,991750088296371,991750088296371,0,991750090048865,991750090050232,991750092846873,991750093003787,991750099407482,991750090042732,11111111,11111111,991750102443475,991750102735975,991750102952732,991750104928904,991750110789021,20976,776758,991750110789021,991750105863826,991750121099607,991750104928904,
0,15112402,991750187908446,991750187908446,0,991750188831873,991750188833006,991750190153748,991750190273943,991750199019557,991750188825467,11111111,11111111,991750192924685,991750193181170,991750193405193,991750197574725,991750203913982,27344,671719,991750203913982,991750198450975,991750210294568,991750197574725,
0,15112417,991750221241779,991750221241779,0,991750222611287,991750222612029,991750225613084,991750225736170,991750232352890,991750222605154,11111111,11111111,991750234276717,991750234478396,991750234744060,991750238330037,991750244569373,28594,1227148,991750244569373,991750239735506,991750254241248,991750238330037,
0,15112432,991750321104579,991750321104579,0,991750322394685,991750322396209,991750323843201,991750323955701,991750332215690,991750322387928,11111111,11111111,991750326516287,991750326774373,991750327006873,991750330403318,991750336604607,27343,1565430,991750336604607,991750332597928,991750343513709,991750330403318,
0,15112447,991750343326801,991750343326801,0,991750344338670,991750344339842,991750347056717,991750347176482,991750354437912,991750344332264,11111111,11111111,991750355248982,991750355393631,991750355606600,991750357765896,991750363625271,26328,483008,991750363625271,991750358415037,991750376732303,991750357765896,
0,15112462,991750443627899,991750443627899,0,991750444927107,991750444928514,991750446294998,991750446415975,991750454739010,991750444920896,11111111,11111111,991750449057303,991750449330779,991750449564607,991750452938357,991750458920350,26563,1486485,991750458920350,991750454634998,991750465607146,991750452938357,
0,15112477,991750476961232,991750476961232,0,991750478228318,991750478229490,991750481212420,991750481332810,991750488072343,991750478222693,11111111,11111111,991750490091287,991750490291248,991750490546131,991750494253592,991750499981014,27969,1289609,991750499981014,991750495726053,991750509477225,991750494253592,
0,15112492,991750565735929,991750565735929,0,991750566622498,991750566623514,991750567942810,991750568187381,991750576847040,991750566616092,11111111,11111111,991750570499959,991750570766834,991750570992889,991750574376873,991750580575271,28398,1431054,991750580575271,991750576110818,991750587697068,991750574376873,
0,15112507,991750599069262,991750599069262,0,991750600206365,991750600207889,991750603016209,991750603141014,991750610180373,991750600200037,11111111,11111111,991750612729685,991750613068670,991750613309100,991750616357303,991750622102029,20235,1130430,991750622102029,991750617642459,991750631631873,991750616357303,
0,15112522,991750698940477,991750698940477,0,991750700372889,991750700373787,991750701775975,991750701928592,991750710051588,991750700366365,11111111,11111111,991750704430076,991750704682185,991750704903826,991750709129490,991750715591443,27109,800039,991750715591443,991750711092107,991750731547654,991750709129490,
0,15112537,991750732273810,991750732273810,0,991750733976990,991750733978514,991750736963709,991750737082381,991750743384921,991750733971443,11111111,11111111,991750745794334,991750746085271,991750746221600,991750749095115,991750754902264,14726,1062656,991750754902264,991750750330232,991750764841834,991750749095115,
0,15112552,991750821030399,991750821030399,0,991750821916053,991750821917146,991750823301365,991750823420232,991750832141510,991750821908904,11111111,11111111,991750826078514,991750826333514,991750826577576,991750831049295,991750837464021,28555,916914,991750837464021,991750833476131,991750854118631,991750831049295,
0,15112567,991750854363732,991750854363732,0,991750855744256,991750855745310,991750858683748,991750858805545,991750865474843,991750855737732,11111111,11111111,991750867539060,991750867699373,991750867934373,991750871526912,991750878223279,28242,793907,991750878223279,991750872492029,991750886951873,991750871526912,
0,15112582,991750953769874,991750953769874,0,991750955055857,991750955057068,991750956871170,991750956989139,991750964880985,991750955048318,11111111,11111111,991750959439139,991750960219568,991750960449021,991750963696053,991750970161600,28867,952266,991750970161600,991750964844139,991750987345115,991750963696053,
0,15112597,991750975992096,991750975992096,0,991750979180779,991750979182381,991750982414881,991750982553006,991750987103207,991750979174842,11111111,11111111,991750989762303,991750990061756,991750990308318,991750993426482,991750999572107,20117,517695,991750999572107,991750994088631,991751009023553,991750993426482,
0,15112612,991751076340851,991751076340851,0,991751078034490,991751078036170,991751079385350,991751079502576,991751087451962,991751078028279,11111111,11111111,991751082112420,991751082743553,991751082982615,991751086412420,991751091700232,28047,2219415,991751091700232,991751088838514,991751108826639,991751086412420,
0,15112627,991751109674184,991751109674184,0,991751110968943,991751110970545,991751114466717,991751114601600,991751120785295,991751110963435,11111111,11111111,991751121649256,991751121766756,991751121938006,991751125090428,991751130835975,21289,1081602,991751130835975,991751126341326,991751142160662,991751125090428,
0,15112642,991751209567335,991751209567335,0,991751210463982,991751210465584,991751211906443,991751212174295,991751220678446,991751210457615,11111111,11111111,991751214996443,991751215267498,991751215500428,991751218955857,991751224865154,26758,1484063,991751224865154,991751220646990,991751231338670,991751218955857,
0,15112657,991751231789557,991751231789557,0,991751233078045,991751233079373,991751235856756,991751235993553,991751242900668,991751233071209,11111111,11111111,991751242333396,991751242451678,991751242606795,991751245665857,991751251436053,21641,1023008,991751251436053,991751246849998,991751264700623,991751245665857,
0,15112672,991751331048859,991751331048859,0,991751332874685,991751332875818,991751334255935,991751334375857,991751342159970,991751332867850,11111111,11111111,991751336908162,991751337178475,991751337405740,991751340791795,991751346770310,25937,2266719,991751346770310,991751343252693,991751353846951,991751340791795,
0,15112687,991751364382192,991751364382192,0,991751365768592,991751365769607,991751368758201,991751368904881,991751375493303,991751365762771,11111111,11111111,991751377298357,991751377419178,991751377552225,991751378970545,991751384887967,13008,305039,991751384887967,991751379346639,991751397486170,991751378970545,
0,15112702,991751464672001,991751464672001,0,991751465568396,991751465569725,991751466954920,991751467064295,991751475783112,991751465562615,11111111,11111111,991751469737146,991751470007928,991751470233553,991751473627693,991751479886053,25860,1521211,991751479886053,991751475344646,991751486319959,991751473627693,
0,15112717,991751486894223,991751486894223,0,991751488608084,991751488609529,991751491608631,991751491747185,991751498005334,991751488604295,11111111,11111111,991751499266951,991751499453670,991751499709217,991751501733045,991751507580389,26914,316914,991751507580389,991751502125701,991751519591131,991751501733045,
0,15112732,991751587180282,991751587180282,0,991751589342381,991751589343318,991751590717654,991751590830076,991751598291393,991751589335662,11111111,11111111,991751593417303,991751593694451,991751593934021,991751597292615,991751603343279,26796,2009883,991751603343279,991751599506326,991751619456639,991751597292615,
0,15112747,991751620513615,991751620513615,0,991751621804568,991751621805623,991751624853279,991751624967264,991751631624726,991751621799256,11111111,11111111,991751632935701,991751633047928,991751633250975,991751636333084,991751642083162,22266,533750,991751642083162,991751637021912,991751652757537,991751636333084,
0,15112762,991751719653290,991751719653290,0,991751720673201,991751720674178,991751722108709,991751722220350,991751730764401,991751720666326,11111111,11111111,991751724735428,991751725094842,991751725328396,991751728762850,991751734866560,26953,1574024,991751734866560,991751730535662,991751741604998,991751728762850,
0,15112777,991751741875512,991751741875512,0,991751743190115,991751743191873,991751746088904,991751746210740,991751752986623,991751743184256,11111111,11111111,991751753820975,991751753917029,991751754044998,991751755491521,991751761367498,13985,854258,991751761367498,991751756492771,991751774874100,991751755491521,
0,15112792,991751841678859,991751841678859,0,991751842622537,991751842623475,991751843979178,991751844230467,991751852789970,991751842615506,11111111,11111111,991751846679685,991751846956678,991751847180115,991751850613709,991751856646365,28243,1577890,991751856646365,991751852384217,991751864193045,991751850613709,
0,15112807,991751875012192,991751875012192,0,991751875950076,991751875951834,991751878859764,991751878976443,991751886123303,991751875944529,11111111,11111111,991751887135896,991751887328318,991751887530076,991751891144139,991751896980467,22149,633320,991751896980467,991751891961717,991751908120154,991751891144139,
0,15112822,991751974938329,991751974938329,0,991751976345935,991751976346873,991751977774373,991751977882615,991751986049440,991751976338084,11111111,11111111,991751980509998,991751980769998,991751980991600,991751984297264,991751989971990,27539,1557618,991751989971990,991751986181990,991751996807771,991751984297264,
0,15112837,991751997160551,991751997160551,0,991751998105115,991751998106014,991752001059373,991752001176053,991752008271662,991751998098357,11111111,11111111,991752008732420,991752008885896,991752009049607,991752010760818,991752016598826,16015,382188,991752016598826,991752011281014,991752030105857,991752010760818,
0,15112852,991752097526376,991752097526376,0,991752098828826,991752098829998,991752100376717,991752100482771,991752108637487,991752098822303,11111111,11111111,991752102921326,991752103584021,991752103830506,991752106813514,991752112083045,26719,1320742,991752112083045,991752108301053,991752118796482,991752106813514,
0,15112867,991752130859709,991752130859709,0,991752131701912,991752131703084,991752134634451,991752134751014,991752141970820,991752131695545,11111111,11111111,991752144299725,991752144585584,991752144799607,991752146885037,991752152680740,21993,1315546,991752152680740,991752148394803,991752163312537,991752146885037,
0,15112882,991752219029991,991752219029991,0,991752220164685,991752220165740,991752221562537,991752221680271,991752230141102,991752220157810,11111111,11111111,991752224330271,991752224581600,991752224809529,991752229180154,991752235481717,29493,808203,991752235481717,991752230190467,991752252412029,991752229180154,
0,15112897,991752252363324,991752252363324,0,991752253436131,991752253437771,991752256341053,991752256463982,991752263474435,991752253429764,11111111,11111111,991752264998943,991752265118943,991752265306521,991752268392889,991752274354178,20742,566407,991752274354178,991752269115154,991752285378162,991752268392889,
0,15112912,991752352129813,991752352129813,0,991752353464295,991752353465350,991752354845115,991752354955428,991752363240924,991752353458865,11111111,11111111,991752357554451,991752357817771,991752358053435,991752361434178,991752367788357,25351,1688828,991752367788357,991752363316170,991752374594217,991752361434178,
0,15112927,991752374352035,991752374352035,0,991752376980350,991752376981678,991752379991404,991752380350154,991752385463146,991752376976521,11111111,11111111,991752387542342,991752387729373,991752387975701,991752390999100,991752397633084,150781,513320,991752397633084,991752391658631,991752407512537,991752390999100,
0,15112942,991752474634249,991752474634249,0,991752475943709,991752475944998,991752477490623,991752477609139,991752485745360,991752475936873,11111111,11111111,991752480342928,991752480679100,991752480905271,991752484326717,991752489873709,26133,2106172,991752489873709,991752486638865,991752496537068,991752484326717,
0,15112957,991752507967582,991752507967582,0,991752509598631,991752509600271,991752512282107,991752512401404,991752519078693,991752509592537,11111111,11111111,991752521108943,991752521216209,991752521385271,991752524468904,991752530272068,22266,1134063,991752530272068,991752525769021,991752540655232,991752524468904,
0,15112972,991752596816437,991752596816437,0,991752597881600,991752597883201,991752599590115,991752599710818,991752607927548,991752597875350,11111111,11111111,991752602404568,991752602672146,991752602899842,991752606781287,991752613282225,28399,796523,991752613282225,991752607769607,991752618365506,991752606781287,
0,15112987,991752630149770,991752630149770,0,991752631125935,991752631127303,991752634250037,991752634369607,991752641260881,991752631121209,11111111,11111111,991752642270193,991752642378318,991752642527225,991752645622146,991752651436170,21016,1097578,991752651436170,991752646897146,991752662794256,991752645622146,
0,15113002,991752729870399,991752729870399,0,991752731131756,991752731133514,991752732583514,991752732697654,991752740981510,991752731124217,11111111,11111111,991752735170389,991752735813865,991752736227576,991752740368475,991752746605701,28516,1143086,991752746605701,991752741979881,991752763136482,991752740368475,
0,15113017,991752763203732,991752763203732,0,991752764971521,991752764972576,991752767666287,991752767790037,991752774314843,991752764965623,11111111,11111111,991752776783006,991752777294685,991752777661209,991752779735467,991752786252303,25079,1141602,991752786252303,991752781058279,991752795963982,991752779735467,
0,15113032,991752851698837,991752851698837,0,991752852792342,991752852793553,991752854129451,991752854244334,991752862809948,991752852786326,11111111,11111111,991752856818865,991752857088279,991752857321209,991752861704646,991752867981951,26953,793007,991752867981951,991752862683787,991752874149685,991752861704646,
0,15113047,991752885032170,991752885032170,0,991752886058435,991752886060115,991752888869295,991752888995975,991752896143281,991752886053279,11111111,11111111,991752894426170,991752894541560,991752894687810,991752897589373,991752903477225,21757,725547,991752903477225,991752898458201,991752918066795,991752897589373,
0,15113062,991752985358702,991752985358702,0,991752986637810,991752986639178,991752987988982,991752988260350,991752996469813,991752986631404,11111111,11111111,991752990684998,991752990959842,991752991184139,991752994564881,991753000009764,26875,1678438,991753000009764,991752996456951,991753007167693,991752994564881,
0,15113077,991753018692035,991753018692035,0,991753019575350,991753019576756,991753022620662,991753022745779,991753029803146,991753019569529,11111111,11111111,991753032432107,991753032789764,991753032920232,991753034414920,991753040267498,13594,742539,991753040267498,991753035312615,991753051260428,991753034414920,
0,15113092,991753107483016,991753107483016,0,991753108462693,991753108464060,991753109817420,991753109928592,991753118594127,991753108455662,11111111,11111111,991753112464568,991753112719998,991753112953553,991753117053826,991753123385662,26484,815742,991753123385662,991753118072342,991753129264256,991753117053826,
0,15113107,991753140816349,991753140816349,0,991753141824998,991753141826092,991753144696795,991753144814568,991753151927460,991753141819607,11111111,11111111,991753153290232,991753153400662,991753153533435,991753154962810,991753161311287,15078,320547,991753161311287,991753155353982,991753173216248,991753154962810,
0,15113122,991753240501024,991753240501024,0,991753241758709,991753241759764,991753243098162,991753243209764,991753251612135,991753241751834,11111111,11111111,991753245835623,991753246006365,991753246260389,991753250425935,991753256516521,26523,827656,991753256516521,991753251454842,991753262157889,991753250425935,
0,15113137,991753273834357,991753273834357,0,991753275136639,991753275137693,991753278737498,991753278876600,991753284945468,991753275129998,11111111,11111111,991753284461170,991753284588123,991753284740467,991753287281209,991753293146560,16875,1026367,991753293146560,991753288410506,991753306601795,991753287281209,
0,15113152,991753362597587,991753362597587,0,991753363525154,991753363526092,991753364864451,991753364964139,991753373708698,991753363519412,11111111,11111111,991753367237420,991753367465467,991753367669842,991753371080740,991753377058748,26797,660625,991753377058748,991753371910623,991753384407889,991753371080740,
0,15113167,991753395930920,991753395930920,0,991753396964178,991753396965310,991753399317107,991753399438045,991753407042031,991753396957889,11111111,11111111,991753406120779,991753406636521,991753406929373,991753408975740,991753414801170,23008,834258,991753414801170,991753409967498,991753428633201,991753408975740,
0,15113182,991753495491220,991753495491220,0,991753497514100,991753497515545,991753498945506,991753499071092,991753506602331,991753497507146,11111111,11111111,991753501718396,991753501988318,991753502221053,991753505570271,991753511903240,27461,1708437,991753511903240,991753507480545,991753528623045,991753505570271,
0,15113197,991753528824553,991753528824553,0,991753530533123,991753530534178,991753533613553,991753533733396,991753539935664,991753530527303,11111111,11111111,991753541746600,991753541859412,991753541990740,991753543455428,991753549699920,13164,839062,991753549699920,991753544440818,991753561852146,991753543455428,
0,15113212,991753617741220,991753617741220,0,991753619073904,991753619075154,991753620502498,991753620626560,991753628852331,991753619066990,11111111,11111111,991753623060115,991753623316248,991753623550115,991753627606482,991753632995818,28203,973632,991753632995818,991753628786482,991753650596639,991753627606482,
0,15113227,991753651074553,991753651074553,0,991753652522889,991753652523631,991753655174959,991753655318123,991753662185664,991753652516756,11111111,11111111,991753664788240,991753665073865,991753665203865,991753666652693,991753672576170,13008,823203,991753672576170,991753667637693,991753683927068,991753666652693,
0,15113242,991753750845265,991753750845265,0,991753752405076,991753752406326,991753753425154,991753753510428,991753761956376,991753752400428,11111111,11111111,991753755319334,991753755535779,991753755705975,991753758891795,991753764261951,19414,1566172,991753764261951,991753760676209,991753772698982,991753758891795,
0,15113257,991753784178598,991753784178598,0,991753785564373,991753785565545,991753788331951,991753788458006,991753795289709,991753785558123,11111111,11111111,991753797141717,991753797254607,991753797431443,991753800611404,991753806398162,21132,1189024,991753806398162,991753801965935,991753817009959,991753800611404,
0,15113272,991753872818859,991753872818859,0,991753873780857,991753873782693,991753875151756,991753875273592,991753883929970,991753873774217,11111111,11111111,991753877750467,991753878013045,991753878245857,991753882263357,991753886985467,28789,746875,991753886985467,991753883207225,991753894824256,991753882263357,
0,15113287,991753906152192,991753906152192,0,991753907078826,991753907079920,991753910108279,991753910231014,991753917263303,991753907072850,11111111,11111111,991753918325506,991753918531170,991753918745896,991753921410193,991753927222654,22539,679648,991753927222654,991753922258943,991753939215662,991753921410193,
0,15113302,991754006032313,991754006032313,0,991754007327264,991754007328670,991754008954568,991754009074881,991754017143424,991754007320975,11111111,11111111,991754011523553,991754011795857,991754012176951,991754015407459,991754021717732,27852,1507891,991754021717732,991754017112029,991754028172068,991754015407459,
0,15113317,991754039365646,991754039365646,0,991754040312146,991754040313475,991754043109568,991754043234178,991754050476757,991754040306287,11111111,11111111,991754053072576,991754053247889,991754053413475,991754056621951,991754062927850,21133,1145195,991754062927850,991754057937732,991754072626795,991754056621951,
0,15113332,991754128157587,991754128157587,0,991754129331287,991754129332185,991754130692654,991754130813357,991754139268698,991754129324529,11111111,11111111,991754133442810,991754133679451,991754133912732,991754137323670,991754143660389,27500,1412031,991754143660389,991754138929725,991754150569373,991754137323670,
0,15113347,991754161490920,991754161490920,0,991754162379920,991754162380779,991754165363787,991754165494920,991754172602031,991754162373787,11111111,11111111,991754174224100,991754174937732,991754175608357,991754182828709,991754188474529,54023,979805,991754188474529,991754184285193,991754205563084,991754182828709,
0,15113362,991754261505399,991754261505399,0,991754263556404,991754263557537,991754265726209,991754265836014,991754272616510,991754263549021,11111111,11111111,991754268354334,991754269019100,991754269412420,991754274964881,991754280266404,47344,1958555,991754280266404,991754277134490,991754294348123,991754274964881,
0,15113377,991754283727621,991754283727621,0,991754285831170,991754285832146,991754288925896,991754289063982,991754294838732,991754285824920,11111111,11111111,991754296700623,991754296947185,991754297141209,991754298856600,991754304699568,15586,403046,991754304699568,991754299420428,991754316578084,991754298856600,
0,15113392,991754383902704,991754383902704,0,991754385632889,991754385633982,991754387082342,991754387195350,991754395013815,991754385626404,11111111,11111111,991754389734295,991754390382928,991754390627928,991754394065310,991754400437967,26836,2369257,991754400437967,991754396610193,991754416839490,991754394065310,
0,15113407,991754417236037,991754417236037,0,991754418535193,991754418536834,991754421519412,991754421647068,991754428347148,991754418529607,11111111,11111111,991754429780115,991754429887420,991754430047967,991754433139764,991754438967420,22422,1078828,991754438967420,991754434386443,991754449834100,991754433139764,
0,15113422,991754516570343,991754516570343,0,991754517460467,991754517461365,991754518884490,991754518992225,991754527681454,991754517453709,11111111,11111111,991754521669529,991754521933592,991754522164568,991754525495115,991754530907029,26289,1602344,991754530907029,991754527310115,991754538596756,991754525495115,
0,15113437,991754538792565,991754538792565,0,991754539958318,991754539959373,991754543121834,991754543283865,991754549903676,991754539952225,11111111,11111111,991754550927068,991754551129451,991754551395779,991754554967850,991754560693709,28554,709257,991754560693709,991754555846443,991754571825896,991754554967850,
0,15113452,991754639061710,991754639061710,0,991754641316482,991754641317771,991754642687850,991754642796951,991754650172821,991754641309607,11111111,11111111,991754645367810,991754645617732,991754645846053,991754649534803,991754656061326,27265,1318047,991754656061326,991754651060389,991754671802850,991754649534803,
0,15113467,991754672395043,991754672395043,0,991754674093279,991754674094295,991754677138318,991754677260623,991754683506154,991754674087303,11111111,11111111,991754685656014,991754685772107,991754685932850,991754689146209,991754694912771,21601,669375,991754694912771,991754689970428,991754705118982,991754689146209,
0,15113482,991754771930087,991754771930087,0,991754773054998,991754773056092,991754774260389,991754774392498,991754783041198,991754773048826,11111111,11111111,991754776817029,991754776982537,991754777157146,991754780401404,991754786287771,22149,591484,991754786287771,991754781137928,991754793880037,991754780401404,
0,15113497,991754794152309,991754794152309,0,991754795484959,991754795485818,991754798454490,991754798574529,991754805263420,991754795478318,11111111,11111111,991754805371365,991754805558162,991754806084842,991754807985584,991754813993084,23633,1234805,991754813993084,991754809475076,991754827122107,991754807985584,
0,15113512,991754894025070,991754894025070,0,991754896253084,991754896254412,991754897635076,991754897753279,991754905136181,991754896246873,11111111,11111111,991754900331287,991754900590154,991754900816600,991754903976248,991754910228553,28164,1965000,991754910228553,991754906410428,991754927133514,991754903976248,
0,15113527,991754927358403,991754927358403,0,991754928650662,991754928652537,991754931461326,991754931622771,991754938469514,991754928644373,11111111,11111111,991754940786756,991754940897107,991754941075779,991754944224412,991754950592225,21836,1171133,991754950592225,991754945563396,991754960829295,991754944224412,
0,15113542,991755027213368,991755027213368,0,991755028601951,991755028603123,991755029982068,991755030091404,991755038324479,991755028594607,11111111,11111111,991755032596014,991755032856365,991755033094568,991755036393982,991755042593592,26250,1472578,991755042593592,991755038074568,991755049144764,991755036393982,
0,15113557,991755049435590,991755049435590,0,991755050809021,991755050810310,991755053811131,991755053929529,991755060546701,991755050802342,11111111,11111111,991755062133787,991755062320115,991755062560896,991755066165623,991755071858982,25274,1230430,991755071858982,991755067571248,991755082452225,991755066165623,
0,15113572,991755149355734,991755149355734,0,991755150586717,991755150588123,991755151900935,991755152145975,991755160466845,991755150580467,11111111,11111111,991755154495154,991755154766560,991755154998201,991755158606482,991755164560779,27460,1535820,991755164560779,991755160352303,991755171526990,991755158606482,
0,15113587,991755182689067,991755182689067,0,991755183948396,991755183949490,991755186864725,991755186983514,991755193800178,991755183942068,11111111,11111111,991755196782498,991755196977381,991755197242771,991755201007381,991755207126600,26757,1547813,991755207126600,991755202753787,991755215676443,991755201007381,
0,15113602,991755271366984,991755271366984,0,991755272406287,991755272407693,991755273534178,991755273621092,991755282478095,991755272399646,11111111,11111111,991755275553162,991755276147107,991755276320584,991755279055623,991755284423787,20938,669922,991755284423787,991755279892459,991755293239764,991755279055623,
0,15113617,991755304700317,991755304700317,0,991755306479334,991755306480545,991755309451912,991755309568670,991755315811428,991755306473514,11111111,11111111,991755317964139,991755318159959,991755318431209,991755322160310,991755327886326,30937,750273,991755327886326,991755323091834,991755337667146,991755322160310,
0,15113632,991755404860321,991755404860321,0,991755406367498,991755406368514,991755408243670,991755408361795,991755415971432,991755406360193,11111111,11111111,991755410702342,991755411469060,991755411916053,991755419662107,991755425618592,52031,1651133,991755425618592,991755421665740,991755438136248,991755419662107,
0,15113647,991755427082543,991755427082543,0,991755430871717,991755430872732,991755434481248,991755434628201,991755438193654,991755430865154,11111111,11111111,991755441695935,991755442136951,991755442560271,991755449693006,991755455279685,37539,1174805,991755455279685,991755451195506,991755470888709,991755449693006,
0,15113662,991755526573095,991755526573095,0,991755528713045,991755528714725,991755530091990,991755530208865,991755537684206,991755528706014,11111111,11111111,991755533356053,991755533643045,991755533868982,991755537372615,991755542981639,30821,1250156,991755542981639,991755539122303,991755559765584,991755537372615,
0,15113677,991755559906428,991755559906428,0,991755561240154,991755561241951,991755563855623,991755563970115,991755571017539,991755561234725,11111111,11111111,991755573429842,991755573890350,991755574057771,991755575746951,991755581896873,15821,1225351,991755581896873,991755577135935,991755593004100,991755575746951,
0,15113692,991755660358468,991755660358468,0,991755661287381,991755661288279,991755662714764,991755662826053,991755671469579,991755661281209,11111111,11111111,991755665385350,991755665646873,991755665881873,991755669262537,991755675623357,28750,1489024,991755675623357,991755670959334,991755682268592,991755669262537,
0,15113707,991755682580690,991755682580690,0,991755683735193,991755683736326,991755686901053,991755687035506,991755693691801,991755683730857,11111111,11111111,991755695452146,991755695628357,991755695834568,991755697601365,991755703786443,22304,321367,991755703786443,991755697997576,991755715103904,991755697601365,
0,15113722,991755781987804,991755781987804,0,991755783250818,991755783252185,991755784797225,991755784909803,991755793098915,991755783244100,11111111,11111111,991755787368201,991755787636560,991755787881521,991755791134021,991755797403475,25313,1639492,991755797403475,991755792968592,991755803933357,991755791134021,
0,15113737,991755815321137,991755815321137,0,991755816395506,991755816396990,991755819171717,991755819296560,991755826432248,991755816389139,11111111,11111111,991755828409607,991755828619412,991755828947225,991755832654803,991755839100857,27969,691055,991755839100857,991755833532303,991755848784803,991755832654803,
0,15113752,991755915601923,991755915601923,0,991755917312967,991755917314256,991755918653006,991755918767185,991755926713034,991755917306248,11111111,11111111,991755921320857,991755921649842,991755921887693,991755925243162,991755931609100,27070,2124101,991755931609100,991755927553514,991755937474529,991755925243162,
0,15113767,991755937824145,991755937824145,0,991755939210467,991755939211482,991755942187420,991755942308357,991755948935256,991755939203982,11111111,11111111,991755950687029,991755950869412,991755951074334,991755953870154,991755959937654,22930,1117773,991755959937654,991755955159803,991755970394100,991755953870154,
0,15113782,991756037266688,991756037266688,0,991756038572732,991756038573943,991756039996131,991756040237615,991756048377799,991756038565857,11111111,11111111,991756042580623,991756042836560,991756043062459,991756046338201,991756052697576,27851,1786563,991756052697576,991756048324451,991756059645779,991756046338201,
0,15113797,991756070600021,991756070600021,0,991756071460818,991756071462225,991756074451170,991756074574217,991756081711132,991756071454139,11111111,11111111,991756082878514,991756083095701,991756083373435,991756086948787,991756092675896,30469,575703,991756092675896,991756087691482,991756103622381,991756086948787,
0,15113812,991756159696749,991756159696749,0,991756160648201,991756160649100,991756161968592,991756162089920,991756170807860,991756160642264,11111111,11111111,991756164728865,991756165372068,991756165610506,991756169656678,991756176200076,26446,772305,991756176200076,991756170617537,991756192417498,991756169656678,
0,15113827,991756193030082,991756193030082,0,991756194424959,991756194426209,991756197329451,991756197449217,991756204141193,991756194418865,11111111,11111111,991756205643787,991756205760779,991756205910779,991756208990310,991756214867810,21172,1042070,991756214867810,991756210192264,991756225681717,991756208990310,
0,15113842,991756292979110,991756292979110,0,991756293825115,991756293826326,991756295198435,991756295310428,991756304090221,991756293817732,11111111,11111111,991756297893357,991756298154842,991756298383904,991756301723826,991756307570896,27539,1576562,991756307570896,991756303506717,991756314443201,991756301723826,
0,15113857,991756326312443,991756326312443,0,991756327250779,991756327252303,991756330295115,991756330420154,991756337423554,991756327244607,11111111,11111111,991756337023904,991756337134295,991756337307225,991756340543553,991756346228709,21680,1148047,991756346228709,991756341875896,991756358797303,991756340543553,
0,15113872,991756414639718,991756414639718,0,991756415618123,991756415619646,991756417162068,991756417280623,991756425750829,991756415611834,11111111,11111111,991756419759060,991756420204334,991756420411053,991756424306287,991756429717693,29336,866328,991756429717693,991756425369842,991756436510701,991756424306287,
0,15113887,991756447973051,991756447973051,0,991756449437576,991756449438709,991756452257537,991756452376600,991756459084162,991756449430857,11111111,11111111,991756461157889,991756461279685,991756461461756,991756464495545,991756470304725,22071,1105742,991756470304725,991756465764178,991756480931482,991756464495545,
0,15113902,991756547776532,991756547776532,0,991756548627264,991756548628357,991756550009764,991756550132810,991756558887643,991756548620193,11111111,11111111,991756553183943,991756553442381,991756553677225,991756557033514,991756563243435,25156,1453398,991756563243435,991756558700076,991756570206053,991756557033514,
0,15113917,991756581109865,991756581109865,0,991756582034451,991756582035193,991756584956521,991756585077537,991756592220976,991756582028279,11111111,11111111,991756593407185,991756593520857,991756593685740,991756596911443,991756602988943,21914,1227774,991756602988943,991756598313123,991756614250350,991756596911443,
0,15113932,991756669844032,991756669844032,0,991756670826678,991756670827615,991756672329881,991756672451053,991756680955143,991756670819881,11111111,11111111,991756674959490,991756675612146,991756675855701,991756679994139,991756685380506,28945,1179297,991756685380506,991756681603943,991756702999334,991756679994139,
0,15113947,991756703177365,991756703177365,0,991756704705232,991756704706600,991756707528514,991756707662459,991756714288476,991756704699412,11111111,11111111,991756716554100,991756716960037,991756717152693,991756719078592,991756725047068,18906,1357188,991756725047068,991756720621912,991756736601873,991756719078592,
0,15113962,991756803539384,991756803539384,0,991756805320935,991756805321990,991756806700975,991756806813670,991756814650495,991756805314568,11111111,11111111,991756809366560,991756809627068,991756809856482,991756813256873,991756819842029,27774,1668515,991756819842029,991756815773162,991756825358709,991756813256873,
0,15113977,991756825761606,991756825761606,0,991756827156482,991756827157732,991756830227654,991756830352146,991756836872717,991756827150545,11111111,11111111,991756838188709,991756838376014,991756838646365,991756842459217,991756848983553,29063,716641,991756848983553,991756843346912,991756858441287,991756842459217,
0,15113992,991756925221554,991756925221554,0,991756926500154,991756926501521,991756927863396,991756927974334,991756936332665,991756926492928,11111111,11111111,991756930538279,991756931173631,991756931413904,991756934958006,991756940911365,29961,2023711,991756940911365,991756937181834,991756947561209,991756934958006,
0,15114007,991756958554887,991756958554887,0,991756960414568,991756960415975,991756963112146,991756963228553,991756969665998,991756960408318,11111111,11111111,991756971949998,991756972159295,991756972368982,991756973861170,991756979745232,19454,365117,991756979745232,991756974305389,991756991500662,991756973861170,
0,15114022,991757047580929,991757047580929,0,991757048777693,991757048778553,991757050234334,991757050348045,991757058692040,991757048770701,11111111,11111111,991757052867576,991757053128943,991757053358240,991757057535193,991757064058709,29726,677812,991757064058709,991757058399725,991749455438553,991757057535193,
0,15114037,991757080914262,991757080914262,0,991757081863357,991757081864607,991757084750779,991757084871600,991757092025373,991757081857850,11111111,11111111,991757093665076,991757093859139,991757094116951,991757097842889,991757103938904,27421,1388320,991757103938904,991757099422342,991749488730818,991757097842889,
0,15114052,991757180894540,991757180894540,0,991757181707068,991757181708514,991757183119021,991757183233123,991757192005651,991757181700662,11111111,11111111,991757185778553,991757186129998,991757186350818,991757189716014,991757195977146,27188,1515743,991757195977146,991757191439803,991749577629764,991757189716014,
0,15114067,991757214227873,991757214227873,0,991757215151639,991757215152693,991757218129139,991757218247537,991757225338984,991757215146795,11111111,11111111,991757226637303,991757226817576,991757227079959,991757230705584,991757236418396,27617,1251407,991757236418396,991757232278709,991749610505740,991757230705584,
0,15114082,991757303025946,991757303025946,0,991757303662693,991757303663826,991757304502264,991757304558982,991757314137057,991757303658435,11111111,11111111,991757305756209,991757306057303,991757306170584,991757307616678,991757313204803,15156,520899,991757313204803,991757308234373,991749710907459,991757307616678,
0,15114097,991757336359279,991757336359279,0,991757336748982,991757336750115,991757337843475,991757337894295,991757347470390,991757336745232,11111111,11111111,991757340840584,991757340987342,991757341132381,991757342512771,991757348430232,14453,629531,991757348430232,991757343232068,991749743672107,991757342512771,
---PROFILEDATA---


View hierarchy:

  dev.intervaltablet.benchmark/dev.intervaltablet.MainActivity/android.view.ViewRootImpl@431a814
  16 views, 25,54 kB of render nodes


Total ViewRootImpl   : 1
Total attached Views : 16
Total RenderNode     : 25,54 kB (used) / 57,69 kB (capacity)

  ProcessConfig={1.0 ?mcc0mnc [fr_FR] ldltr sw900dp w1440dp h900dp 320dpi xlrg compactNeeded hdr widecg land finger -keyb/v/h -nav/h winConfig={ mBounds=Rect(0, 0 - 2880, 1800) mAppBounds=Rect(0, 0 - 2880, 1800) mMaxBounds=Rect(0, 0 - 2880, 1800) mDisplayRotation=ROTATION_90 mWindowingMode=fullscreen mActivityType=undefined mAlwaysOnTop=undefined mRotation=ROTATION_90 mStageConfig=undefined mEmbedActivityMode=undefined mPopOver=off mOverlappingWithCutout=false} s.2648 fontWeightAdjustment=0 ff=0 bf=-1 bts=0 cst=1.0 nightDim=-1 themeSeq=0}
  Application ResourcesConfig={1.0 ?mcc0mnc [fr_FR] ldltr sw900dp w1440dp h900dp 320dpi xlrg compactNeeded hdr widecg land finger -keyb/v/h -nav/h winConfig={ mBounds=Rect(0, 0 - 2880, 1800) mAppBounds=Rect(0, 0 - 2880, 1800) mMaxBounds=Rect(0, 0 - 2880, 1800) mDisplayRotation=ROTATION_90 mWindowingMode=fullscreen mActivityType=undefined mAlwaysOnTop=undefined mRotation=ROTATION_90 mStageConfig=undefined mEmbedActivityMode=undefined mPopOver=off mOverlappingWithCutout=false} s.2648 fontWeightAdjustment=0 ff=0 bf=-1 bts=0 cst=1.0 nightDim=-1 themeSeq=0}
